$molecule
0 1
----
0 1
N       4.27225429     -6.46074496     -5.01888142
C       4.17485241     -6.17749649     -3.67089342
C       5.00674973     -6.76377753     -2.73131183
B       5.17876852     -7.53189585     -5.67621711
N       6.10489571     -8.06385476     -4.52017196
C       5.86394171     -7.74448201     -3.17597655
C       7.18061860     -8.84482224     -4.58024088
C       7.71965303     -9.11410209     -3.32187022
C       6.91396425     -8.43332752     -2.44586844
C       3.35394072     -5.04129839     -3.57492469
F       4.50763126     -8.62381870     -6.34893292
C       3.49782528     -5.56320882     -5.68304523
C       2.91119915     -4.68788685     -4.80532443
F       5.93120137     -6.79658548     -6.66023672
C       4.84397946     -6.45495782     -1.27714392
C       5.96220440     -6.05356188     -0.56499596
H       6.91835615     -5.86759944     -1.08111902
C       5.85368408     -5.82191655      0.80364837
H       6.74659349     -5.40372748      1.34112418
C       4.64093160     -5.92449165      1.47482729
H       4.59834193     -5.77278080      2.56806962
C       3.55706977     -6.41622862      0.72709007
H       2.61699269     -6.68068557      1.26098935
C       3.63451388     -6.66409495     -0.64329251
H       2.81190814     -6.96159125     -1.25268778
H       7.42540076     -9.26071625     -5.50754888
H       8.55093385     -9.80555735     -3.14265248
H       6.97703696     -8.38965664     -1.35892721
H       3.19587885     -4.60721800     -2.56854657
H       3.22382412     -5.75185349     -6.72766250
H       2.25659583     -3.83378389     -5.05205786
----
0 1
N      -2.98534845      6.72628673      1.55406468
C      -3.25519655      7.69813597      2.53283754
C      -2.55751217      7.67487779      3.71391432
B      -2.08688089      5.39092214      1.66632945
N      -1.39001130      5.63220783      3.04135623
C      -1.67063151      6.60545863      4.00562957
C      -0.31437506      4.92748992      3.50749959
C       0.10660334      5.43279050      4.75541011
C      -0.77895317      6.43425884      5.05961478
C      -4.18617366      8.63690251      2.05738643
F      -2.77609762      4.20273575      1.69553699
C      -3.76350891      7.09056120      0.51868122
C      -4.56606663      8.24179377      0.77631058
F      -1.14356777      5.39205723      0.62241533
C      -2.76999296      8.67629603      4.78797095
C      -1.78454151      9.48309220      5.36622558
H      -0.73198053      9.36178387      5.10331195
C      -2.16497053     10.45319419      6.31597191
H      -1.38195177     11.16468512      6.67482129
C      -3.50909570     10.67729412      6.66381907
H      -3.86925908     11.57225202      7.30381874
C      -4.42744583      9.77704575      6.19213103
H      -5.47041060      9.80539878      6.55696348
C      -4.06857574      8.78592512      5.28694000
H      -4.79535513      8.18951925      4.86121137
H      -0.02517298      4.06870819      2.94588673
H       0.90857363      4.95508898      5.32190029
H      -0.71360311      7.06268470      5.94517559
H      -4.44751107      9.48919603      2.58353213
H      -3.72947932      6.55856595     -0.41292101
H      -5.25526195      8.78265013      0.12170132
----
0 1
N      -7.60076889    -11.28774136      2.56907202
C      -7.50537251    -12.05363592      3.73751765
C      -7.36686417    -13.45811177      3.72551487
B      -7.28785646    -11.87000518      1.10336326
N      -7.35872018    -13.38668769      1.27025932
C      -7.33761938    -14.10347093      2.47532122
C      -7.59545662    -14.34688559      0.30178224
C      -7.62305531    -15.60671631      0.82805839
C      -7.42981668    -15.46038067      2.21627485
C      -7.66830270    -11.16623962      4.85654777
F      -8.29195416    -11.30943419      0.30060673
C      -7.84778681    -10.01078725      2.88619311
C      -7.90102102     -9.89614679      4.29592740
F      -5.96643049    -11.48442963      0.70492090
C      -7.20562582    -14.34966020      4.95228347
C      -5.96977653    -14.95600509      5.04195153
H      -5.21671504    -14.72779129      4.30771669
C      -5.72611104    -15.81750741      6.08407526
H      -4.84689559    -16.53343366      6.10452225
C      -6.70304753    -15.93720054      7.10115222
H      -6.62145411    -16.74168537      7.82894017
C      -7.91144280    -15.28292341      7.02174176
H      -8.77414482    -15.36272508      7.74510405
C      -8.20294274    -14.43009765      5.94655671
H      -9.03255916    -13.68262510      5.91572992
H      -7.78448050    -14.04503633     -0.74491823
H      -7.89094351    -16.59243613      0.40514009
H      -7.56730980    -16.31135882      2.87998296
H      -7.85137444    -11.35688471      5.85233013
H      -8.02048962     -9.24142240      2.08058562
H      -7.98765914     -8.98299499      4.89818212
----
0 1
N      11.59371958     -7.78895832     -3.52992231
C      11.59550356     -8.21006983     -2.17735113
C      11.29439249     -9.48302179     -1.71264449
B      11.58662430     -8.85812014     -4.75167041
N      11.01002759    -10.16205231     -4.04561848
C      11.09153508    -10.45976457     -2.70375528
C      10.40537054    -11.15194859     -4.73738466
C       9.94545072    -12.11253358     -3.82740371
C      10.38972006    -11.72204041     -2.56144200
C      11.86144177     -7.08691099     -1.36916878
F      10.64743893     -8.43201437     -5.70041465
C      11.80967146     -6.48473035     -3.59168885
C      12.05535462     -6.00999115     -2.22891475
F      12.83288439     -8.91996149     -5.35636116
C      11.12337812     -9.73373033     -0.26673274
C      11.81701812    -10.73141393      0.41324200
H      12.41971282    -11.46808278     -0.12525158
C      11.64799807    -10.88575873      1.76456809
H      12.21510239    -11.64148919      2.23387474
C      10.74443285    -10.10500808      2.49351181
H      10.57268585    -10.24150816      3.53851319
C      10.15448706     -9.08019558      1.79686690
H       9.41355132     -8.40836621      2.16157254
C      10.27606609     -8.92023736      0.42854146
H       9.88388889     -8.05430853     -0.11372984
H      10.20671246    -11.13514726     -5.81154190
H       9.27631229    -12.95083697     -3.95779605
H      10.07305521    -12.20710969     -1.64472927
H      11.91021401     -7.01811947     -0.24573683
H      11.87232833     -5.89738355     -4.53592052
H      12.23516887     -5.04386124     -1.99824504
----
0 1
N      11.98623752     -3.13755159      3.56243011
C      12.55175227     -2.82536993      4.76064307
C      12.91320048     -3.77428454      5.72996412
B      11.55320707     -4.61841081      3.02731570
N      12.15164967     -5.53630038      4.18179875
C      12.88119426     -5.12124205      5.33652410
C      12.08522210     -6.89078034      4.18665321
C      12.79386183     -7.36820753      5.32069551
C      13.29331077     -6.24810351      5.98810260
C      12.98452465     -1.48716902      4.73939772
F      10.19553025     -4.72249987      2.84767305
C      12.06074444     -2.05120748      2.77532028
C      12.70058724     -0.98058869      3.47163696
F      12.15094995     -5.00781274      1.79839446
C      13.63375596     -3.61039368      7.04117164
C      14.93076476     -4.06823448      7.05301937
H      15.39155951     -4.48605937      6.15342202
C      15.65591283     -4.01021499      8.23506499
H      16.69218811     -4.30607292      8.21033017
C      15.12136594     -3.37127554      9.36447775
H      15.63714962     -3.46435808     10.32523864
C      13.84329531     -2.84971701      9.25791419
H      13.35441694     -2.50926364     10.13276916
C      13.04763209     -2.98536541      8.11514904
H      12.06899924     -2.53222414      8.06878857
H      11.63816373     -7.52183644      3.42870430
H      12.91490390     -8.39920042      5.66177844
H      13.62089922     -6.30474232      7.00842092
H      13.65339111     -1.05180070      5.46860351
H      11.64528563     -1.90455840      1.77667326
H      12.97064051     -0.03290669      3.05359580
----
0 1
N       2.10612220    -10.02676741    -18.51484389
C       2.95697615    -10.97719133    -17.79896670
C       3.07475889    -10.83210448    -16.41325598
B       1.66013725     -8.62601957    -17.91345350
N       1.53255206     -8.99552076    -16.36958889
C       2.44648440     -9.79835227    -15.75535802
C       1.04544474     -8.18506980    -15.36333025
C       1.62811180     -8.49552380    -14.10472668
C       2.51136879     -9.56409846    -14.38454821
C       3.56075716    -11.81202548    -18.82281908
F       2.69337115     -7.72072461    -18.11966463
C       2.14287019    -10.32169019    -19.85792157
C       3.05521725    -11.35769280    -20.02463541
F       0.47244243     -8.26413884    -18.50746013
C       3.84694429    -11.84225386    -15.61798230
C       3.09049959    -12.49096254    -14.63809017
H       2.08458126    -12.20283304    -14.42238736
C       3.65338214    -13.53686290    -13.89827246
H       3.01768510    -14.13106232    -13.23012539
C       5.01324611    -13.90035764    -14.12858904
H       5.51832305    -14.58624270    -13.49770957
C       5.71977218    -13.28696065    -15.14060314
H       6.80504556    -13.36331234    -15.22698551
C       5.19638035    -12.21111384    -15.83445904
H       5.82965417    -11.68412019    -16.62020840
H       0.34188792     -7.49263448    -15.59501147
H       1.32877535     -8.08966255    -13.18397489
H       3.22146616    -10.04678830    -13.73741738
H       4.23604335    -12.60373505    -18.70488368
H       1.66779595     -9.70776910    -20.58537360
H       3.32756593    -11.84172286    -20.97299705
----
0 1
N      -8.71863479     12.13509777     -1.08561785
C      -8.29378940     13.45838982     -1.41111905
C      -8.12242856     14.39040823     -0.41474301
B      -8.57506265     11.45471922      0.32270320
N      -8.46232812     12.66073291      1.33251718
C      -8.26553479     13.98698648      0.91002071
C      -8.68277074     12.70503190      2.66883286
C      -8.59539415     14.05037228      3.14528758
C      -8.35857017     14.82901522      2.01506821
C      -8.25958253     13.66842798     -2.81240662
F      -9.72294113     10.70723396      0.55742473
C      -8.95591069     11.52467344     -2.25303006
C      -8.67691431     12.47144761     -3.36957817
F      -7.45704841     10.56446214      0.39038747
C      -7.82579319     15.83186391     -0.76994451
C      -6.63263296     16.45576401     -0.38245107
H      -5.92606413     15.98463062      0.34818119
C      -6.38854925     17.73888501     -0.75141783
H      -5.29536558     18.06729817     -0.60654724
C      -7.30083807     18.44703505     -1.58059810
H      -7.13794741     19.42157704     -2.02998604
C      -8.51323391     17.83753486     -1.93848472
H      -9.26803908     18.45092377     -2.41892135
C      -8.79135894     16.52082302     -1.51869724
H      -9.66403924     15.94562246     -1.94820876
H      -9.02405987     11.84932075      3.13885338
H      -8.80821199     14.36482523      4.13512989
H      -8.25168635     15.93632817      2.05466301
H      -7.95413507     14.56517549     -3.34972578
H      -9.33160479     10.49619139     -2.22132788
H      -8.69158465     12.20638958     -4.41272811
----
0 1
N     -16.56661677     -6.72880041      3.88476449
C     -16.31465781     -6.78743964      2.55751708
C     -17.33963412     -7.03081179      1.60800936
B     -17.94686210     -7.14050094      4.62378402
N     -18.94247365     -7.30303153      3.40014355
C     -18.65229112     -7.28731753      2.04426482
C     -20.21503342     -7.63749659      3.59506026
C     -20.82142406     -7.86345669      2.27875501
C     -19.78286763     -7.68126564      1.31911048
C     -14.94767786     -6.48742453      2.25795331
F     -17.82729692     -8.40664103      5.26517399
C     -15.39241318     -6.37550816      4.47627613
C     -14.40570970     -6.22583486      3.50677427
F     -18.41580520     -6.15656314      5.42693645
C     -16.91791270     -7.09117988      0.13672896
C     -17.44411958     -6.26211942     -0.87754253
H     -18.12418138     -5.43981169     -0.62345414
C     -17.13882420     -6.43521343     -2.21180101
H     -17.51195082     -5.67306627     -2.88615629
C     -16.25723693     -7.44421342     -2.59371594
H     -16.06296809     -7.54384839     -3.66316208
C     -15.71794705     -8.31615885     -1.59629329
H     -15.17570856     -9.19963885     -1.95625177
C     -16.06376679     -8.18544796     -0.26272747
H     -15.74127616     -8.86208811      0.52400373
H     -20.66633967     -7.83289008      4.56807654
H     -21.89973735     -8.08405211      2.09186510
H     -19.87104537     -7.80875483      0.23988366
H     -14.39584601     -6.57309884      1.35780910
H     -15.42481778     -6.27356055      5.57655362
H     -13.33273354     -5.94779696      3.57777120
----
0 1
N     -18.42752050      8.01945976     -4.78239318
C     -17.61994932      7.45705691     -3.77714603
C     -16.32899985      6.99922066     -4.07894607
B     -18.10139929      8.32321903     -6.24163246
N     -16.59524771      7.77202665     -6.41295171
C     -15.80727046      7.29352244     -5.32577808
C     -15.84888017      7.81087384     -7.51977898
C     -14.55835493      7.25809810     -7.22171389
C     -14.48416249      6.97262232     -5.85669434
C     -18.36056650      7.58720942     -2.52051540
F     -18.92058951      7.64661047     -7.23539199
C     -19.56654470      8.46876684     -4.21449743
C     -19.59684488      8.17233316     -2.80305274
F     -18.14259873      9.73459946     -6.44168295
C     -15.52422156      6.35914170     -2.99505290
C     -14.47573682      7.18261481     -2.49770893
H     -14.43397875      8.19569595     -2.92693274
C     -13.76094072      6.76145717     -1.39988708
H     -13.01394654      7.40527219     -0.84130314
C     -14.12004422      5.52550764     -0.83753525
H     -13.55967829      5.23395610      0.03902757
C     -15.09255094      4.67876624     -1.38487980
H     -15.30652220      3.70012248     -0.91324441
C     -15.83148451      5.10105162     -2.50635172
H     -16.62420795      4.51441146     -2.94905857
H     -16.23927904      8.01731553     -8.50350200
H     -13.70796489      7.30257400     -7.88640427
H     -13.69708540      6.43589788     -5.30253844
H     -17.98820633      7.36111215     -1.49004637
H     -20.33172001      8.91902203     -4.78126028
H     -20.39849664      8.34283157     -2.11461005
----
0 1
N      13.89296834      8.23119260      8.19070756
C      12.95952599      7.19250485      8.00102914
C      13.18977700      6.25826784      6.99845992
B      15.35487615      8.30507815      7.61019915
N      15.44323058      7.06148757      6.69974505
C      14.37102429      6.23461112      6.30493937
C      16.48608806      6.80290356      5.88237002
C      16.11894458      5.76040709      5.00285275
C      14.78274365      5.40840372      5.22173531
C      11.93048688      7.25096369      8.95742240
F      15.52293319      9.52779410      6.93384395
C      13.46986721      8.93354861      9.28456694
C      12.28677961      8.32437444      9.81338470
F      16.21831440      8.15466509      8.67891075
C      12.07586570      5.39813392      6.48329535
C      12.27107840      4.01315760      6.14454505
H      13.23386717      3.55134400      6.34725846
C      11.26234107      3.26895475      5.59933263
H      11.33844164      2.17308579      5.36872280
C      10.00091479      3.84003910      5.32172644
H       9.17336991      3.20933619      5.01718943
C       9.79682109      5.24589606      5.58777564
H       8.83314791      5.69191341      5.27601274
C      10.84884708      6.00201361      6.15762418
H      10.67450425      7.06194961      6.29691319
H      17.29938047      7.46111754      5.99791012
H      16.73248541      5.27129801      4.24882351
H      14.27572141      4.63753738      4.66674401
H      11.17357716      6.51132493      9.12216528
H      14.09353939      9.73113366      9.65246710
H      11.77774006      8.70723250     10.69770853
----
0 1
N       6.45100523      2.09371409    -21.04522004
C       6.31904721      0.92007770    -20.36806553
C       6.16008086     -0.28344387    -20.99880065
B       6.65670397      2.29954995    -22.55835604
N       6.50362921      0.86501888    -23.18854942
C       6.29482910     -0.31852529    -22.40955261
C       6.60359650      0.56923715    -24.48529631
C       6.39799738     -0.85470846    -24.69644849
C       6.19507875     -1.35468589    -23.43121304
C       6.55148794      1.13712902    -18.97857458
F       5.73950377      3.06079746    -23.19683622
C       6.67286398      3.03594570    -20.13251690
C       6.77171897      2.50496252    -18.84193098
F       7.97966625      2.83027776    -22.66078090
C       5.88459361     -1.54421842    -20.29369996
C       6.76246496     -2.64216975    -20.41934470
H       7.67888006     -2.51558710    -21.00839656
C       6.42499349     -3.81996936    -19.78947349
H       7.12507607     -4.67407329    -19.90713724
C       5.22604136     -3.93024662    -19.04703119
H       4.98404374     -4.92011688    -18.57778221
C       4.33641458     -2.84344826    -18.99592430
H       3.34219845     -3.04908248    -18.40277800
C       4.67825402     -1.62137763    -19.58746910
H       4.00921091     -0.77503761    -19.39624949
H       6.75508035      1.30537246    -25.22426347
H       6.50827805     -1.34782441    -25.68033679
H       5.88932774     -2.36035819    -23.07725950
H       6.42348481      0.39859162    -18.19849395
H       6.73163756      4.07240624    -20.47781952
H       6.85080607      3.03199812    -17.87922148
----
0 1
N      15.59842591    -13.18656072    -10.08655378
C      15.71533229    -12.78597782    -11.41811533
C      14.67727854    -12.12005625    -12.08214407
B      14.46678150    -12.65322262     -9.10936564
N      13.48903292    -11.80553738     -9.98400840
C      13.58963317    -11.56509092    -11.38535206
C      12.59073912    -10.96449762     -9.50707484
C      12.00743937    -10.17186380    -10.55460792
C      12.71278046    -10.53100651    -11.72776711
C      16.92310397    -13.34850263    -11.89860202
F      13.70471722    -13.74808659     -8.62360517
C      16.80016926    -13.80057857     -9.71498928
C      17.55104513    -13.93400343    -10.86196107
F      15.01940612    -11.90118854     -8.10549178
C      15.01996697    -11.86901122    -13.56394358
C      15.90262688    -10.80503857    -13.76124800
H      16.13617560    -10.19392882    -12.90442406
C      16.27415676    -10.50175445    -15.08125593
H      16.78134550     -9.56962991    -15.25869511
C      15.88325985    -11.38772785    -16.09795578
H      16.14863049    -10.98320547    -17.12558274
C      15.03273761    -12.46133633    -15.87885879
H      14.75930041    -13.13698281    -16.65792976
C      14.61459643    -12.70997262    -14.58383719
H      13.90275440    -13.54089839    -14.42512839
H      12.23202183    -11.03614062     -8.52000338
H      11.25217795     -9.41604284    -10.41414788
H      12.38597998    -10.19995686    -12.69695267
H      17.20429228    -13.51516088    -12.93111006
H      16.97372888    -14.24561580     -8.73677296
H      18.27370880    -14.65494361    -11.10286557
----
0 1
N       5.67905081    -24.56660935      0.12435836
C       4.52973908    -23.95427434     -0.37477028
C       4.60137787    -22.86431387     -1.21818557
B       7.22543351    -24.13840177     -0.25149940
N       7.02882663    -22.87653968     -1.22078219
C       5.85718985    -22.35646972     -1.65595644
C       8.02623506    -22.20028349     -1.74217532
C       7.51939529    -21.16601418     -2.58828047
C       6.13137679    -21.24210823     -2.48492034
C       3.39590170    -24.75009225      0.10368083
F       7.91606498    -23.78895183      0.90422375
C       5.33006145    -25.66459562      0.86720871
C       3.91995910    -25.80321195      0.84707910
F       7.81144322    -25.22055988     -0.90331368
C       3.41218249    -22.20957917     -1.74813921
C       3.19506631    -22.10161932     -3.16073127
H       3.97247528    -22.60078485     -3.82611748
C       2.09179885    -21.50106847     -3.70228212
H       1.85308585    -21.49438157     -4.79311406
C       1.06431076    -20.93009582     -2.79699257
H       0.13659759    -20.55391383     -3.18077995
C       1.30635543    -20.97182486     -1.46176992
H       0.61067250    -20.59450085     -0.76348424
C       2.39468111    -21.65762565     -0.89002104
H       2.51000215    -21.72454372      0.19023198
H       9.01530366    -22.43213383     -1.47742021
H       8.07914373    -20.35896209     -3.08576078
H       5.34844991    -20.68483441     -3.01730787
H       2.27145655    -24.64332859     -0.06764877
H       6.05763993    -26.39141502      1.19115712
H       3.44588555    -26.76437369      1.08405314
----
0 1
N       7.54369616     16.57558254    -11.06479331
C       8.56202185     15.81864753    -11.49668166
C       8.43699076     15.15356570    -12.73942625
B       6.36194502     17.12340518    -11.75916175
N       6.31049536     16.25437888    -13.12472032
C       7.31180355     15.34828622    -13.53132758
C       5.24939947     16.09101312    -13.94677490
C       5.46939202     15.09557560    -14.91572586
C       6.76930326     14.65649364    -14.60657543
C       9.63759028     15.89929852    -10.61804451
F       5.24506321     17.00416010    -10.98701604
C       7.86516938     17.06314675     -9.82302329
C       9.18543985     16.65666006     -9.48690461
F       6.61114606     18.48819766    -12.18020362
C       9.43615358     14.14487073    -13.26489977
C      10.03330156     14.30947406    -14.49558633
H       9.78789599     15.23565671    -14.99694422
C      10.98343186     13.37850249    -14.90422769
H      11.52847478     13.56244430    -15.83653674
C      11.17879958     12.17751992    -14.11881528
H      11.96253961     11.50374570    -14.51222807
C      10.58581406     12.09079604    -12.88549715
H      10.82757744     11.25661476    -12.25738252
C       9.64782506     13.04315284    -12.41417014
H       9.19137797     12.90255661    -11.47358082
H       4.39119401     16.73911460    -13.78655776
H       4.79143711     14.82941995    -15.73858409
H       7.13197805     13.82643081    -15.21459800
H      10.56829991     15.49041128    -10.75851255
H       7.13861817     17.67627360     -9.31591829
H       9.73864745     16.89960380     -8.52758450
----
0 1
N     -11.21457926     -1.57387043     19.33547194
C     -10.08663386     -0.84622947     19.61133654
C      -9.09694008     -1.34570997     20.40080283
B     -11.52164626     -3.03519136     19.76422872
N     -10.35505449     -3.37244338     20.74802270
C      -9.14996211     -2.69289357     20.90461109
C     -10.27943157     -4.52848998     21.46369033
C      -9.05239920     -4.64266021     22.08965377
C      -8.39412091     -3.39301519     21.86866685
C     -10.19892492      0.41320077     18.89749194
F     -12.79238126     -3.23792064     20.30490997
C     -12.03520797     -0.86030362     18.54083353
C     -11.35759865      0.37256768     18.17602127
F     -11.32582883     -3.93200227     18.74983126
C      -7.80197389     -0.57606699     20.90042077
C      -6.56277047     -1.25307171     20.81062482
H      -6.57452233     -2.21339355     20.21952976
C      -5.44212779     -0.69666881     21.46454611
H      -4.57352757     -1.20509121     21.44379484
C      -5.59298383      0.58463629     21.99849637
H      -4.71697547      1.14509502     22.32667953
C      -6.82322308      1.27992110     22.00179939
H      -6.87184333      2.28684286     22.43229885
C      -7.96280161      0.69478386     21.45247614
H      -8.94052570      1.24889164     21.45365358
H     -10.95083486     -5.32249760     21.30191791
H      -8.67487720     -5.47170949     22.64294140
H      -7.37580612     -3.20393094     22.11091084
H      -9.41756630      1.19445291     18.88839881
H     -12.94406386     -1.17707296     18.24928530
H     -11.74692747      1.09222855     17.51860907
----
0 1
N      -6.94596477     13.04986447     16.79573566
C      -6.16777838     13.95060291     16.15237910
C      -6.46607811     14.45368678     14.94033029
B      -8.03524131     12.21266760     16.03908345
N      -8.45257495     13.11555400     14.83926783
C      -7.66615140     14.17482511     14.30085795
C      -9.57501258     13.00366599     14.14339875
C      -9.54878794     13.89559455     13.05191889
C      -8.33730378     14.62982807     13.11341747
C      -5.11741892     14.28315960     17.05092521
F      -7.50236094     10.99763634     15.58281592
C      -6.47346525     12.88663668     18.00659375
C      -5.28912286     13.66588734     18.27773940
F      -9.14869376     11.99731813     16.85808347
C      -5.54419755     15.46262509     14.18588359
C      -5.99169709     16.67972094     13.68376750
H      -7.01649067     17.12484577     13.96062180
C      -5.06464519     17.51260449     13.03618302
H      -5.42847286     18.40432810     12.52763385
C      -3.72000062     17.14521528     12.93520032
H      -3.02615190     17.81874519     12.41732701
C      -3.27843549     15.94706900     13.55059481
H      -2.23909887     15.65471588     13.58173351
C      -4.20191253     15.15130179     14.20341858
H      -3.90086003     14.20422542     14.67017750
H     -10.35584401     12.25299057     14.41040692
H     -10.32353936     13.93064085     12.26857975
H      -8.08388991     15.43308439     12.45622402
H      -4.30696171     15.00787177     16.89955475
H      -7.04530573     12.24394367     18.67329076
H      -4.69285207     13.75855321     19.17453821
----
0 1
N     -20.10688466    -13.71232659      4.29853029
C     -21.49290139    -13.74166814      4.24839300
C     -22.14673946    -13.62981688      2.98834929
B     -19.11562173    -13.27084756      3.19028998
N     -20.01112572    -13.21195893      1.92489422
C     -21.41188092    -13.36037741      1.86493778
C     -19.58462145    -12.83667087      0.65214576
C     -20.66479979    -12.73661778     -0.19717134
C     -21.85064145    -13.01540924      0.53333473
C     -22.00727292    -14.04233217      5.52745977
F     -18.63182181    -12.04379463      3.57402130
C     -19.74574483    -13.92903109      5.57534744
C     -20.91859979    -14.13863993      6.40011679
F     -18.04329232    -14.20822123      2.96047171
C     -23.61773612    -13.77362953      2.96218201
C     -24.12689233    -14.96038301      2.42508226
H     -23.47933970    -15.76935025      2.03862038
C     -25.53187578    -15.03637560      2.18834037
H     -25.96579139    -15.92927714      1.73130956
C     -26.37509804    -13.93998510      2.57159363
H     -27.47418783    -13.97760144      2.53088158
C     -25.83406188    -12.82758723      3.20607358
H     -26.52699140    -12.04627771      3.49094476
C     -24.43053556    -12.74382333      3.39626514
H     -23.94889832    -11.92505772      3.85331654
H     -18.50380920    -12.77883271      0.44984931
H     -20.66815375    -12.60415791     -1.24994693
H     -22.87294824    -12.99226431      0.11185517
H     -23.03093699    -14.23466510      5.80149748
H     -18.70493787    -13.89214090      5.87863975
H     -20.83616517    -14.51171088      7.45911152
----
0 1
N     -25.55649226     -9.19043810     -9.17078814
C     -25.28791357     -9.00715265     -7.83696616
C     -23.93715129     -8.95644676     -7.36921561
B     -24.50681468     -9.22350074    -10.36219730
N     -23.11458704     -9.14562881     -9.60837029
C     -22.85453684     -9.06114361     -8.26935869
C     -21.95612627     -9.43372215    -10.25373023
C     -20.94757469     -9.48574262     -9.31102951
C     -21.49194161     -9.27941229     -8.03300527
C     -26.53698862     -9.08861571     -7.13497210
F     -24.51642586    -10.47640534    -11.00137800
C     -26.88924610     -9.29159720     -9.31254049
C     -27.56167643     -9.25126160     -8.06934900
F     -24.77396128     -8.21156742    -11.24134293
C     -23.69327285     -8.71388637     -5.92824223
C     -22.88481219     -7.69107864     -5.46093896
H     -22.39478018     -7.08594792     -6.19158585
C     -22.72074240     -7.47087150     -4.11121168
H     -22.16051035     -6.58143606     -3.77322149
C     -23.42335004     -8.26905533     -3.14714733
H     -23.38350443     -7.91051063     -2.16455455
C     -24.18704344     -9.36370961     -3.62222165
H     -24.74397136    -10.00657553     -2.92901148
C     -24.35166089     -9.63185207     -4.99911389
H     -24.90446926    -10.48735309     -5.35548891
H     -21.98247740     -9.49761442    -11.27512378
H     -19.90587869     -9.81178114     -9.53173292
H     -21.02860289     -9.24007266     -7.12295436
H     -26.52746887     -8.78387110     -6.12440749
H     -27.22432424     -9.39476213    -10.35880819
H     -28.66126303     -9.36883322     -7.92102942
----
0 1
N      23.33988262      4.66772790     -2.95448384
C      23.92401935      4.76874221     -4.23121527
C      23.68106131      3.80570266     -5.21139402
B      22.73732395      3.21379913     -2.45768937
N      22.12560841      2.72875613     -3.74751583
C      22.68031534      2.80366626     -5.01240087
C      21.08938078      1.88637478     -3.82479724
C      20.82037016      1.48297636     -5.15127031
C      21.86184812      1.99902271     -5.88115487
C      24.65563868      6.00458740     -4.32808053
F      23.82961443      2.42064702     -2.05656640
C      23.57112216      5.83357537     -2.30201876
C      24.43049634      6.65570707     -3.09022102
F      21.76014849      3.39554604     -1.45097059
C      24.16049378      4.02895159     -6.60123594
C      23.18895243      4.30312038     -7.59539209
H      22.16496985      4.36054771     -7.28238866
C      23.57150581      4.49454516     -8.90250055
H      22.75698983      4.82661576     -9.64148485
C      24.86500612      4.41326847     -9.28830197
H      25.19247133      4.86597275    -10.29581320
C      25.85912446      4.17137316     -8.31530081
H      26.95774268      4.24682074     -8.53581210
C      25.51956666      4.01088887     -6.96897258
H      26.24648423      3.68193232     -6.22695907
H      20.57215735      1.72500450     -2.87981667
H      20.03019266      0.84430627     -5.53218266
H      22.00325968      1.97914591     -6.94824076
H      25.25507943      6.32042222     -5.15775211
H      23.17875775      6.01473563     -1.28894837
H      24.84124545      7.62256744     -2.69983522
----
0 1
N     -19.15578827     15.00060941     -3.89182536
C     -19.00571125     15.50185856     -5.15682975
C     -18.14717579     16.57638238     -5.48850808
B     -18.19280533     15.45034213     -2.68402934
N     -17.37541692     16.68380775     -3.24367412
C     -17.31146612     17.13787649     -4.55065895
C     -16.47775802     17.37196150     -2.48681321
C     -15.85702564     18.29313141     -3.34254280
C     -16.40388088     18.14915341     -4.62581628
C     -19.97260588     14.81278879     -5.97898316
F     -19.05552013     15.81023829     -1.64035348
C     -20.11911464     14.10487750     -3.83314154
C     -20.68750486     13.94245834     -5.11933144
F     -17.31739702     14.44595233     -2.37203040
C     -18.14354862     16.98234714     -6.95743853
C     -16.99188993     16.82815736     -7.74462837
H     -16.03671881     16.53711948     -7.21885984
C     -17.07326660     17.07235590     -9.11593452
H     -16.13631905     16.99212080     -9.65515659
C     -18.21108750     17.48598612     -9.72122497
H     -18.16519565     17.82839069    -10.76522823
C     -19.42514631     17.53363536     -8.96674493
H     -20.44046951     17.78586688     -9.32804258
C     -19.39569000     17.31474998     -7.58317383
H     -20.36030798     17.42120804     -7.03587369
H     -16.25968096     17.13549444     -1.41494199
H     -15.08481155     19.03145148     -3.09387385
H     -16.15254191     18.77663103     -5.43786746
H     -19.97782083     14.88698545     -7.06136953
H     -20.31268515     13.57586865     -2.97086904
H     -21.42566569     13.23903284     -5.40190873
----
0 1
N      -7.68009899    -26.93880737      1.42325654
C      -7.51177220    -27.40336431      0.14404953
C      -7.67866294    -26.57896255     -0.95393318
B      -7.78342860    -25.42140944      1.95402240
N      -8.14568911    -24.64813753      0.53862070
C      -8.00118436    -25.23315495     -0.73771813
C      -8.42116702    -23.35766592      0.40781698
C      -8.39169448    -23.03690092     -0.98742543
C      -8.13277285    -24.16140371     -1.73446658
C      -7.16823369    -28.77205856      0.21700160
F      -8.87975357    -25.27657115      2.86435893
C      -7.54383983    -27.95240371      2.30646020
C      -7.24020625    -29.09738188      1.57029783
F      -6.56904075    -25.05283208      2.49338276
C      -7.51004516    -27.06043994     -2.38727383
C      -6.48387162    -26.55849991     -3.15007258
H      -5.80626455    -25.85990728     -2.69440046
C      -6.29626059    -27.00153009     -4.49359753
H      -5.42568892    -26.74143351     -5.05919119
C      -7.21195751    -28.00719319     -4.98672672
H      -7.09405578    -28.41653425     -5.95374322
C      -8.17701148    -28.51573621     -4.19983650
H      -8.86348970    -29.24829633     -4.60787107
C      -8.34416760    -28.11765655     -2.86489814
H      -9.09730377    -28.51177303     -2.20017161
H      -8.67349343    -22.78271521      1.25406840
H      -8.49346137    -21.99768278     -1.30830489
H      -7.94222684    -24.31683349     -2.78980066
H      -7.03788824    -29.47547564     -0.61124947
H      -7.59917241    -27.73829456      3.36940949
H      -7.04746427    -30.03165928      2.06223323
----
0 1
N      13.85591860    -19.16188310     11.33689391
C      12.76579282    -19.81377553     11.94730934
C      11.51934496    -19.08930405     11.97934061
B      13.88134425    -17.80006123     10.65212022
N      12.35011684    -17.39862573     10.47992215
C      11.33632283    -17.90624844     11.30009579
C      11.92123671    -16.33339156      9.76739693
C      10.59702927    -16.09767907     10.14475108
C      10.24003388    -17.05009247     11.08710019
C      13.24274393    -20.96277463     12.57875753
F      14.62461228    -16.92398256     11.53419841
C      14.88283815    -19.98532122     11.36919663
C      14.54520296    -21.16371762     12.16459013
F      14.52130140    -17.79597060      9.38915760
C      10.45075687    -19.62731332     12.86731363
C       9.18257881    -19.80321114     12.38143103
H       9.10467579    -19.68614838     11.32439586
C       8.15696842    -20.28316630     13.29681332
H       7.15390234    -20.31536849     12.93007969
C       8.46235766    -20.53480708     14.62656643
H       7.65824661    -20.77794710     15.35459592
C       9.76938319    -20.19845862     15.08717427
H      10.01011294    -20.27287336     16.13016844
C      10.75154745    -19.77386661     14.24893708
H      11.79273402    -19.55909584     14.60322073
H      12.53378230    -15.74452406      9.13679916
H      10.01231042    -15.25365556      9.74940561
H       9.20533365    -17.11130422     11.55901630
H      12.74322207    -21.60005397     13.27260788
H      15.75859173    -19.79539052     10.78449744
H      15.25635753    -21.94974401     12.42038092
----
0 1
N      18.14768661     -6.21473017    -18.25859817
C      17.57407237     -6.39443219    -19.50730835
C      17.52929974     -7.67735937    -20.13678792
B      18.98420543     -7.33458396    -17.44113381
N      18.58103873     -8.68417320    -18.18545988
C      18.06768595     -8.78524068    -19.52874765
C      18.94034960     -9.93880892    -17.84688275
C      18.76442299    -10.88568093    -18.96973399
C      18.22478100    -10.13148266    -19.99647207
C      17.17296849     -5.10203355    -19.87497686
F      20.34069278     -7.04592208    -17.62246747
C      18.06720005     -4.90911058    -17.88421846
C      17.45481288     -4.19047411    -18.86013613
F      18.60970983     -7.37596771    -16.06090231
C      16.89139596     -7.80850636    -21.51702628
C      15.96221470     -8.92218525    -21.62410171
H      15.73002971     -9.38365341    -20.68107301
C      15.35323258     -9.18176035    -22.82488944
H      14.58926888     -9.94692620    -22.92707809
C      15.59390236     -8.30548753    -23.92945489
H      15.14148372     -8.45122101    -24.90389415
C      16.44627470     -7.22748244    -23.79692026
H      16.66985622     -6.55182011    -24.62215888
C      17.12914834     -6.94149713    -22.55084403
H      17.79388088     -6.00942177    -22.50503439
H      19.43559532    -10.03923524    -16.88950750
H      18.73603852    -11.93928189    -18.88311219
H      18.01822251    -10.50970488    -20.97720400
H      16.64890356     -4.77612192    -20.74536738
H      18.52563564     -4.71241691    -16.92018656
H      17.08803258     -3.19317981    -18.83415951
----
0 1
N      15.43310637    -22.14194302     -4.78077512
C      15.24372160    -22.09914134     -6.14992477
C      16.11678976    -22.76146301     -7.08683945
B      16.31579755    -23.19603390     -4.05922388
N      17.09931142    -23.91249332     -5.22785410
C      17.01967525    -23.71029026     -6.56858813
C      18.18877813    -24.65085426     -4.96149080
C      18.83524679    -24.97018222     -6.19813623
C      18.12832896    -24.33366656     -7.20205217
C      14.11366553    -21.35790322     -6.48711597
F      17.20665101    -22.55996186     -3.25207914
C      14.33468094    -21.51474503     -4.21555973
C      13.46792814    -21.02959232     -5.24107920
F      15.53097198    -24.18865851     -3.48540053
C      15.93928089    -22.40367942     -8.51500276
C      15.73914750    -23.54444446     -9.37109260
H      15.89646762    -24.57670316     -8.91652220
C      15.50365827    -23.34472341    -10.72743512
H      15.35591339    -24.23317572    -11.36035628
C      15.48056502    -22.06580895    -11.27534606
H      15.37957569    -21.91346568    -12.33851583
C      15.43267917    -20.97257440    -10.39374973
H      15.45093122    -19.93114334    -10.74390379
C      15.66907518    -21.14861709     -9.00606119
H      15.73190801    -20.34458222     -8.35747414
H      18.39272266    -24.98857544     -3.99571992
H      19.86236598    -25.40072873     -6.32153123
H      18.31833516    -24.33876320     -8.27551451
H      13.79715598    -21.21177026     -7.50048869
H      14.21274277    -21.60928007     -3.16936394
H      12.60406490    -20.38870179     -5.14214350
----
0 1
N       8.96541610    -15.67972597    -23.92562588
C       9.02767337    -14.24776842    -23.62707059
C      10.04897981    -13.46354662    -24.04329661
B       9.96210848    -16.46117109    -24.93692464
N      11.07197987    -15.33256885    -25.24553649
C      11.10450745    -13.98469124    -24.87788500
C      12.20967888    -15.64034247    -25.88913354
C      13.03268548    -14.46174449    -26.01544652
C      12.31021602    -13.45618385    -25.37559886
C       7.96293851    -13.92479215    -22.78501131
F      10.58616974    -17.63910914    -24.41944035
C       7.96785171    -16.19560095    -23.13812727
C       7.34596671    -15.13671800    -22.42995510
F       9.31371361    -16.82981966    -26.09138088
C      10.36592538    -12.11202573    -23.42223466
C      10.31185465    -10.92752186    -24.12925049
H       9.86530450    -10.94519812    -25.07860652
C      10.76520003     -9.73537294    -23.51244789
H      10.86754677     -8.82107444    -24.04979824
C      11.44004080     -9.86638715    -22.28420945
H      11.98855205     -8.98477738    -21.86791928
C      11.58315482    -11.08399377    -21.65793876
H      12.03049173    -11.26591093    -20.68391739
C      11.09016986    -12.25199578    -22.22151120
H      11.24643398    -13.25433942    -21.70977245
H      12.44182870    -16.65445002    -26.27006430
H      14.05692167    -14.51148931    -26.38243161
H      12.59603563    -12.44446252    -25.04105940
H       7.75876144    -13.03275957    -22.30187265
H       7.66163611    -17.20535434    -23.16087823
H       6.57607472    -15.24609034    -21.71065323
----
0 1
N       4.67166398    -18.52874764     19.08214226
C       4.44232342    -19.20862406     20.30603161
C       4.56597715    -18.50862761     21.51432320
B       4.67587386    -16.99001576     18.90885703
N       5.17959651    -16.48979675     20.31652204
C       5.03732539    -17.20366166     21.50644488
C       5.59095123    -15.24299863     20.58854203
C       5.65020013    -15.09455436     22.00938388
C       5.38276919    -16.31234867     22.57342030
C       4.37067792    -20.59173164     20.02407953
F       5.53647375    -16.59092311     17.91040361
C       4.65638209    -19.44381554     18.08064951
C       4.37633871    -20.73560748     18.65629169
F       3.36541321    -16.39610151     18.79785284
C       4.77610688    -19.25299609     22.84358364
C       3.89668227    -19.06269985     23.86382154
H       2.97940336    -18.49684711     23.68507891
C       4.19059337    -19.72304480     25.07159597
H       3.50120146    -19.66480462     25.88444313
C       5.35959827    -20.48780647     25.22162888
H       5.41221856    -21.03965500     26.20562083
C       6.27192370    -20.56805104     24.15623049
H       7.18388480    -21.15968185     24.17942544
C       5.96363493    -19.93654858     22.94426724
H       6.58945837    -20.16369314     22.12748089
H       5.89714575    -14.62106141     19.74305141
H       6.01739953    -14.19611986     22.50174654
H       5.24992603    -16.57466972     23.59158274
H       4.35019761    -21.38535934     20.68419031
H       4.87528850    -19.16125844     17.05850432
H       4.33075038    -21.69085862     18.13858768
----
0 1
N     -21.33499492    -20.48508956     -9.82611067
C     -22.35832299    -21.10222258     -9.06845690
C     -22.33478054    -21.27048304     -7.68178944
B     -19.99844357    -19.97436222     -9.25794464
N     -20.11102143    -20.22086181     -7.67261055
C     -21.20308638    -20.80908575     -7.01807192
C     -19.25479066    -19.74166721     -6.79758669
C     -19.80103347    -19.94314515     -5.52518385
C     -20.95789695    -20.65912397     -5.64256555
C     -23.49735988    -21.23105170     -9.93895242
F     -18.98492223    -20.73317997     -9.74435144
C     -21.78505092    -20.21089580    -11.08384955
C     -23.14150299    -20.63987938    -11.18675826
F     -19.76192197    -18.58888671     -9.48565319
C     -23.53838120    -21.82433349     -6.99437622
C     -24.12832164    -21.20650731     -5.89478667
H     -23.78463720    -20.17176806     -5.53190416
C     -25.19510841    -21.79620669     -5.27524977
H     -25.69683841    -21.23523094     -4.52341242
C     -25.75231179    -22.99891540     -5.79033115
H     -26.60200593    -23.34100072     -5.29941975
C     -25.05991182    -23.64781300     -6.79485714
H     -25.36305033    -24.66018972     -7.06516077
C     -23.98475123    -23.08013090     -7.44222102
H     -23.44434481    -23.61787829     -8.23014834
H     -18.35010942    -19.10959744     -7.00057608
H     -19.48269015    -19.59439222     -4.54881473
H     -21.55285264    -21.22055901     -4.91976417
H     -24.45701054    -21.65734934     -9.76101113
H     -21.13059313    -19.84677302    -11.88123581
H     -23.68600556    -20.68211524    -12.16176060
----
0 1
N     -16.46955670    -24.91566098      0.51954677
C     -16.21596001    -25.48054227     -0.78249651
C     -16.71444660    -26.71894538     -1.14387725
B     -17.45979780    -25.52710428      1.64922916
N     -17.98179279    -26.82422068      0.91353048
C     -17.66727808    -27.34650699     -0.32225874
C     -18.97230739    -27.62997286      1.43652466
C     -19.18337143    -28.71541270      0.57015709
C     -18.28840659    -28.57730350     -0.54811180
C     -15.23803511    -24.66461761     -1.42362963
F     -16.71162445    -25.78297739      2.80397131
C     -15.74974019    -23.82345544      0.58723927
C     -15.00714603    -23.57112151     -0.60621375
F     -18.45627110    -24.60971456      1.89808192
C     -16.28625858    -27.29041712     -2.44916547
C     -17.29118051    -27.45451285     -3.44807823
H     -18.31772125    -27.07612225     -3.20836138
C     -16.93791334    -27.88292472     -4.73168719
H     -17.62340523    -28.04751327     -5.50591928
C     -15.62690251    -28.37489483     -4.94933560
H     -15.34656318    -28.83869248     -5.86342579
C     -14.65560488    -28.21570596     -3.96067568
H     -13.55153710    -28.37410689     -4.20713572
C     -14.95540998    -27.68047807     -2.71725306
H     -14.26335916    -27.63967654     -1.84730928
H     -19.47172644    -27.36548710      2.38561241
H     -19.82569395    -29.56829308      0.80937261
H     -17.95777484    -29.34026061     -1.27259391
H     -14.88894176    -24.80727785     -2.41843734
H     -15.82304459    -23.21402514      1.49127059
H     -14.39844197    -22.66593972     -0.81580467
----
0 1
N       6.68131186     18.59131700    -22.69387705
C       6.46660163     17.69642880    -23.74428214
C       6.88089135     16.39381724    -23.66931196
B       7.09912464     18.20548864    -21.23257048
N       7.57218374     16.69046070    -21.33712532
C       7.28444217     15.82608228    -22.45179587
C       8.11742145     15.95780129    -20.37920214
C       8.23648472     14.61435718    -20.81179642
C       7.69292143     14.54944872    -22.10507104
C       5.88595321     18.42332009    -24.80851881
F       8.19357510     18.97017723    -20.69850533
C       6.23865239     19.77745568    -23.07934639
C       5.79529150     19.74579140    -24.39669190
F       5.96680948     18.37709645    -20.45636706
C       6.68644535     15.56791127    -24.88394131
C       5.62472682     14.64755250    -24.90266886
H       5.10757380     14.46044869    -23.96880377
C       5.34581111     13.96674989    -26.10234098
H       4.39832666     13.40336739    -26.13093626
C       6.18783741     14.11109098    -27.20285903
H       5.97624148     13.59346586    -28.10335338
C       7.26527227     14.99827744    -27.13977396
H       7.98712542     15.12454538    -27.92904708
C       7.55719905     15.68624489    -25.99096074
H       8.42238978     16.34977554    -25.87131769
H       8.37914002     16.41946448    -19.47188043
H       8.47841849     13.82934683    -20.12914759
H       7.50115359     13.63925467    -22.64873875
H       5.79314520     17.91920675    -25.76880987
H       6.14223259     20.53324305    -22.34683060
H       5.26479705     20.57126968    -24.93997899
----
0 1
N     -16.66687524     11.82448779    -22.79380869
C     -17.84045688     12.34122609    -23.24679276
C     -19.01712150     12.32313150    -22.51075329
B     -16.48070878     11.15028249    -21.41039596
N     -17.73639393     11.60719385    -20.57856872
C     -18.95488463     11.97724758    -21.15662979
C     -17.92832162     11.49795833    -19.22342187
C     -19.26405731     11.76767811    -18.95002191
C     -19.92408513     12.02956410    -20.17301345
C     -17.55040467     12.79252270    -24.59844646
F     -16.50636009      9.71044466    -21.43231956
C     -15.67755540     11.88655656    -23.71580906
C     -16.18438748     12.54418026    -24.85839715
F     -15.30646271     11.70805174    -20.84418093
C     -20.33305167     12.76383892    -23.07278614
C     -21.02635172     13.81943139    -22.47710233
H     -20.64278553     14.38202179    -21.64914228
C     -22.28223308     14.20265416    -22.93957291
H     -22.76843212     15.06829696    -22.49029501
C     -22.81166374     13.59437203    -24.10928820
H     -23.80776305     14.05213055    -24.52348132
C     -22.11394198     12.53770066    -24.70288488
H     -22.46744580     11.98342860    -25.57401007
C     -20.85054028     12.12348182    -24.23029725
H     -20.27191863     11.35037331    -24.66321481
H     -17.12720837     11.28112806    -18.62789894
H     -19.70053600     11.79454289    -17.96316694
H     -21.01182816     12.25320202    -20.37519380
H     -18.19732319     13.30374442    -25.20597279
H     -14.63302868     11.59485736    -23.57747391
H     -15.64265675     12.79425793    -25.72069510
----
0 1
N       4.08728727     26.73971094    -11.76542761
C       2.84042507     26.63250343    -12.36489925
C       2.75681570     25.81893933    -13.48595803
B       5.41398268     26.13792495    -12.19848657
N       5.11274350     25.42966652    -13.60961773
C       3.79578442     25.16852809    -14.05055363
C       5.94726208     24.78250697    -14.40858067
C       5.22096413     24.12858378    -15.43732089
C       3.88441812     24.37426718    -15.27175584
C       1.94973380     27.54211840    -11.77813555
F       6.43797548     27.11080322    -12.29739519
C       3.95731797     27.73973067    -10.77763888
C       2.61537225     28.27883314    -10.73459214
F       5.85744495     25.07081169    -11.33607155
C       1.48334801     25.64368349    -14.29694322
C       0.64042264     24.49848036    -14.04030849
H       1.05899490     23.70902393    -13.38214703
C      -0.58244645     24.37799896    -14.69290403
H      -1.18176065     23.58192205    -14.42006718
C      -1.05790615     25.37611697    -15.56469095
H      -1.99407533     25.35594750    -15.99526554
C      -0.24907078     26.53046504    -15.77448964
H      -0.50735891     27.30092447    -16.41775878
C       0.96034072     26.69268244    -15.08625101
H       1.49199786     27.60971892    -15.29027949
H       7.01935235     24.77464001    -14.35653711
H       5.76984848     23.57309434    -16.19800324
H       3.08852812     24.12954517    -15.97763686
H       0.89438127     27.72052344    -12.03561359
H       4.86006991     28.04889568    -10.33201671
H       2.32644459     29.12862265    -10.11925518
----
0 1
N      -0.46792679     17.37149313    -26.59541950
C      -0.94976203     17.37693068    -25.26343350
C      -0.65791552     18.38386412    -24.37854658
B       0.11438024     18.62277022    -27.35882806
N       0.46093122     19.59284838    -26.17747099
C       0.20067561     19.44020195    -24.85532590
C       1.25318124     20.73342168    -26.37873905
C       1.40201765     21.33125585    -25.11206446
C       0.65582417     20.55781658    -24.18258219
C      -1.64183227     16.13414026    -25.12565419
F       1.24864432     18.16903184    -28.06182260
C      -0.91845442     16.25110442    -27.21360310
C      -1.59521465     15.43897823    -26.27802736
F      -0.83266422     19.19476270    -28.23623267
C      -1.07665229     18.38288303    -22.99157940
C      -1.89459421     19.51402258    -22.66324999
H      -1.93044936     20.29022396    -23.41314390
C      -2.47454811     19.54752322    -21.38832799
H      -3.23775171     20.35042431    -21.25614729
C      -2.34009219     18.51149551    -20.50307836
H      -2.93609381     18.46724906    -19.63737917
C      -1.52440184     17.38957087    -20.85814501
H      -1.41248831     16.57028469    -20.14683109
C      -0.92761339     17.32878886    -22.10638592
H      -0.34286038     16.50916670    -22.43561910
H       1.83916723     20.91982889    -27.32385615
H       1.85681778     22.28872037    -24.87504582
H       0.47860303     20.77215561    -23.13143545
H      -2.30624358     15.77143336    -24.37577682
H      -0.79887150     16.13252551    -28.27813021
H      -2.12204362     14.48731249    -26.45937473
----
0 1
N       0.69051151    -17.87706768     26.83330200
C       0.52211297    -17.80516057     25.42793293
C       0.43111821    -16.61367161     24.74614705
B       0.66881502    -16.66387254     27.83709962
N       0.47841873    -15.38045111     26.91104492
C       0.39515584    -15.42829451     25.54621112
C       0.56540152    -14.08468053     27.33776671
C       0.50390066    -13.19376013     26.24296422
C       0.43044840    -14.06566971     25.16501450
C       0.50440114    -19.12606323     24.92565922
F      -0.37111283    -16.83897150     28.79101829
C       0.65834102    -19.15622910     27.16477549
C       0.58759088    -20.01946513     26.04534661
F       1.90641951    -16.60998917     28.47922392
C       0.25049673    -16.64210490     23.26196980
C       1.09708953    -15.97355909     22.37912348
H       2.00572339    -15.50465875     22.73327675
C       0.83397171    -16.07263438     21.01515134
H       1.51364906    -15.68641934     20.31000683
C      -0.25018836    -16.82597687     20.54976422
H      -0.51831269    -16.93053358     19.46759242
C      -1.14120892    -17.40588690     21.46086927
H      -1.96890341    -17.88253679     21.08245555
C      -0.95518667    -17.27063962     22.80906992
H      -1.64386480    -17.57970382     23.48706850
H       0.57217517    -13.82914155     28.36193832
H       0.45872170    -12.09785249     26.35601486
H       0.53110076    -13.81486734     24.12358403
H       0.51249831    -19.38358596     23.87486099
H       0.63993644    -19.40804978     28.23905412
H       0.60099662    -21.11013301     25.95038564
----
0 1
N      -5.21754780     22.15504341     15.89103867
C      -5.93425496     22.54573870     17.06245930
C      -5.33058692     23.35335549     18.02841340
B      -3.68394939     22.34028090     15.65201544
N      -3.33151571     23.59596273     16.61239226
C      -4.07091997     23.89179503     17.79223136
C      -2.13697095     24.24053189     16.63928923
C      -2.07515358     24.98621775     17.90328133
C      -3.25020569     24.80020248     18.57321070
C      -7.18626580     21.95726590     17.01374256
F      -3.04884232     21.20308129     16.18286204
C      -6.05501567     21.40912362     15.12518187
C      -7.28500407     21.21722586     15.79199794
F      -3.27208994     22.57504453     14.32832799
C      -6.10327531     23.82280105     19.23164311
C      -6.51975347     25.18105600     19.18134414
H      -6.11469141     25.86858272     18.43425847
C      -7.42188286     25.59396289     20.12730252
H      -7.73276365     26.65260322     20.22865900
C      -7.94351679     24.74056426     21.05358135
H      -8.62169417     25.13697409     21.84061596
C      -7.52586335     23.39840155     21.11805679
H      -7.90146415     22.74480519     21.86203631
C      -6.61589429     22.95607596     20.17839552
H      -6.32104349     21.88870000     20.02670242
H      -1.46863658     24.10440189     15.81262221
H      -1.24491338     25.56808742     18.31599350
H      -3.45472741     25.15838404     19.60394249
H      -7.91193392     21.92011227     17.80485668
H      -5.76208747     21.00294556     14.18247728
H      -8.09310222     20.59747827     15.46011233
----
0 1
N      19.43418576     -5.53819844     24.25205444
C      18.23823892     -5.37938038     24.91199002
C      17.92836295     -4.35308971     25.78814874
B      20.48297844     -4.33261328     24.11149304
N      20.04865868     -3.41193165     25.28027900
C      18.83344320     -3.32853823     25.99632200
C      20.91664597     -2.61685967     25.87412613
C      20.31529807     -1.89905143     26.93046726
C      18.98036975     -2.36623241     27.00809501
C      17.44512937     -6.49554468     24.49808870
F      21.73031443     -4.86638544     24.39779277
C      19.38853475     -6.58370553     23.39315368
C      18.15458045     -7.25150044     23.54055726
F      20.40908557     -3.69132595     22.91625622
C      16.62092076     -4.39293887     26.51329964
C      15.66103583     -3.41728216     26.44588829
H      15.80802405     -2.57634148     25.80503977
C      14.55222157     -3.37350682     27.30285145
H      13.82111064     -2.56326627     27.12322328
C      14.25946462     -4.35966335     28.20679491
H      13.30945619     -4.30861495     28.70317197
C      15.08139635     -5.52828693     28.07128879
H      14.93919091     -6.41848412     28.66269823
C      16.26487316     -5.55848098     27.25692791
H      16.84114652     -6.45798760     27.24178455
H      21.99824454     -2.67361157     25.61408544
H      20.84824115     -1.26458230     27.67328778
H      18.20771025     -1.99905810     27.69568366
H      16.48606951     -6.82157616     24.96897953
H      20.17832394     -6.87900108     22.71989985
H      17.75722302     -8.13829817     23.02383594
----
0 1
N      25.32323089    -17.40883283    -16.54521760
C      25.02250797    -18.07250867    -17.78164987
C      25.08988453    -19.45676028    -17.85134993
B      25.68425503    -18.05887830    -15.18507999
N      25.53507498    -19.60512000    -15.41719099
C      25.43321099    -20.19822829    -16.69468911
C      25.90201338    -20.53200810    -14.49194499
C      26.16347269    -21.76508803    -15.12883906
C      25.89733077    -21.59806092    -16.46847820
C      25.00549404    -17.06097888    -18.77452325
F      27.09675257    -17.86537208    -14.95910110
C      25.35010747    -16.06288391    -16.80455692
C      25.23170939    -15.83914549    -18.18260464
F      24.92511142    -17.59464007    -14.11461946
C      24.85173472    -20.26263729    -19.12154881
C      24.03924238    -21.37040495    -18.95826616
H      23.65016630    -21.61918137    -18.03977870
C      23.70780308    -22.11507233    -20.15284457
H      23.05670915    -22.94756219    -19.91988363
C      24.17585252    -21.66163595    -21.40876062
H      23.97629249    -22.25871090    -22.32784704
C      24.91348406    -20.47766316    -21.50765716
H      25.16792000    -20.18174305    -22.48775609
C      25.27513226    -19.78315671    -20.41055696
H      25.91184297    -18.84719259    -20.46214817
H      26.22248642    -20.10319737    -13.54711437
H      26.60881341    -22.66064177    -14.71683768
H      25.86958800    -22.32950155    -17.28119803
H      24.77415097    -17.15691628    -19.81734078
H      25.52720284    -15.43055569    -15.96079287
H      25.28866822    -14.92889737    -18.68939015
----
0 1
N     -23.81747211     -2.79822067     25.35478421
C     -24.29524181     -2.81543896     24.03639360
C     -25.30574801     -1.92205820     23.60859561
B     -24.09428190     -1.66978305     26.42357209
N     -25.16820632     -0.68763633     25.71508376
C     -25.74108341     -0.91009910     24.45408965
C     -25.81510753      0.32627068     26.28282440
C     -26.96304727      0.71852008     25.49950176
C     -26.92933361     -0.11171457     24.38555927
C     -23.66173699     -3.85378778     23.41674148
F     -24.66052189     -2.24376492     27.60492347
C     -22.86341944     -3.71240720     25.57121108
C     -22.76856092     -4.42498508     24.35733316
F     -23.02198282     -0.83830790     26.70366020
C     -25.86235542     -2.04794308     22.24572321
C     -26.13345516     -0.87193391     21.49559095
H     -25.94950885      0.10412689     21.94705085
C     -26.70116680     -0.98310279     20.23601213
H     -27.01414170     -0.05619823     19.69786447
C     -27.06076727     -2.21458353     19.75169596
H     -27.62491122     -2.21728974     18.79071109
C     -26.65067075     -3.40455620     20.41041084
H     -26.94595415     -4.36168859     20.02721962
C     -26.05269189     -3.31211642     21.70287108
H     -25.98464941     -4.24987633     22.32565379
H     -25.43192040      0.71039088     27.26876116
H     -27.62547170      1.59827868     25.68311804
H     -27.71510489     -0.25487736     23.62150727
H     -23.89539759     -4.32763844     22.44499971
H     -22.46743542     -3.75042445     26.52283396
H     -22.08279275     -5.26111561     24.26404152
----
0 1
N     -25.07678380     18.71940581     17.31001902
C     -24.32773536     19.44732170     18.26824641
C     -24.98467877     20.38483309     19.05868594
B     -26.39767825     19.18516430     16.61203055
N     -26.87151433     20.39646555     17.50016484
C     -26.18837152     20.89413969     18.68440962
C     -27.96521432     21.12728435     17.37451518
C     -28.02596528     22.16873654     18.34406303
C     -26.89642780     22.00470175     19.11346803
C     -23.22548832     18.66608793     18.58615018
F     -26.11527499     19.47245264     15.21922661
C     -24.44619651     17.56748077     17.00779089
C     -23.21237081     17.51240790     17.76046965
F     -27.34067537     18.22900158     16.73870223
C     -24.24609389     20.74280444     20.27244928
C     -24.92480089     20.53800482     21.46153765
H     -25.97967284     20.14362979     21.40374150
C     -24.29797177     20.70428491     22.70597875
H     -24.89647735     20.52970504     23.57815661
C     -22.98773461     21.17543997     22.80102605
H     -22.40304548     21.49775041     23.66786054
C     -22.34797161     21.39781413     21.55856307
H     -21.32858640     21.79986042     21.57715129
C     -22.93289904     21.22993222     20.32496099
H     -22.44917634     21.44477882     19.35653050
H     -28.62863742     20.78339991     16.61393715
H     -28.79703417     22.89992155     18.51969426
H     -26.59339924     22.72884373     19.92239666
H     -22.37514418     18.93343927     19.16053605
H     -24.77071282     16.87067205     16.22366166
H     -22.53051186     16.68415470     17.74331352
----
0 1
N      20.98895132     20.64439522    -24.53408351
C      21.64468828     21.40479874    -23.53171950
C      21.87029610     22.76630208    -23.64722195
B      20.12311273     21.28355825    -25.69910441
N      20.44579036     22.76964391    -25.65937148
C      21.22607160     23.43436476    -24.70111653
C      19.98908507     23.62708095    -26.58806208
C      20.30447926     24.93432738    -26.18453146
C      21.08949212     24.85857952    -25.06275786
C      21.84663531     20.58927340    -22.31752268
F      20.51556180     20.71451283    -26.91491438
C      20.70902593     19.42217284    -23.97239405
C      21.21043028     19.38868066    -22.63596636
F      18.80594916     20.91597699    -25.37737375
C      22.60552728     23.56340939    -22.60759451
C      22.03434750     24.55296530    -21.81941872
H      21.04768446     24.96684877    -21.99032654
C      22.74988915     25.09756466    -20.79207780
H      22.32344434     25.90878950    -20.23155767
C      24.08570316     24.70585356    -20.65529887
H      24.57421022     25.05058474    -19.72440695
C      24.60274022     23.61472969    -21.35164060
H      25.58456243     23.21938173    -21.17396853
C      23.84660680     23.02872693    -22.33944024
H      24.23845427     22.31393142    -23.08734009
H      19.31528868     23.26258010    -27.33609894
H      20.14499492     25.86475584    -26.69593167
H      21.62877165     25.69183233    -24.61839429
H      22.40080075     20.88031190    -21.44423380
H      20.11914831     18.64450242    -24.42835497
H      21.07694588     18.50417201    -21.99478267
----
0 1
N     -26.68418792     16.85880923     24.84730530
C     -25.42160774     16.27722691     25.26147277
C     -24.62506485     16.92042333     26.23102407
B     -27.12903989     18.28987627     25.14415929
N     -26.38560824     18.58367940     26.45397332
C     -25.13881831     18.07195967     26.82022773
C     -26.68958704     19.50400432     27.36581334
C     -25.62930402     19.66852834     28.39271643
C     -24.65993447     18.76469438     27.94530134
C     -25.44363992     14.90462353     24.82161185
F     -26.70294935     19.26041509     24.19355340
C     -27.41556764     15.90580999     24.19022267
C     -26.63858965     14.69080128     24.12008988
F     -28.53436947     18.18812401     25.32088548
C     -23.34515972     16.36752291     26.64237077
C     -23.13882941     16.00290860     27.95942549
H     -23.96204763     16.06000488     28.66495312
C     -22.02617893     15.18953520     28.28850519
H     -21.88454876     14.92908275     29.28860295
C     -21.09818152     14.76963887     27.33682373
H     -20.16423124     14.41793131     27.61596020
C     -21.32472529     15.13841110     26.00254152
H     -20.60459540     14.84692461     25.26220297
C     -22.46398913     15.86353783     25.64535277
H     -22.66200100     16.27077478     24.64225209
H     -27.68045197     19.96711796     27.25777431
H     -25.68468512     20.33483052     29.18324082
H     -23.71397400     18.57124101     28.46667125
H     -24.66183410     14.18329517     24.85789238
H     -28.35954328     16.11091091     23.71848053
H     -26.93381820     13.73757320     23.69968245
$end

$rem
method               pbe0
basis                3-21g
thresh               14
sym_ignore           1
cis_n_roots          40
rpa                  1
cis_triplets         0
mem_total            30000
$end

$polariton
cavity_mode  0.005 0.0 0.0
cavity_freq  0.130
cavity_model jc
rpa          1
solver_algorithm    davidson_qr
solver_conv_prop    energy
solver_conv_thresh  10
nstates             41
target_states       any
level_shift         0.01
resonance_state     1
$end
