$molecule
0 1
----
0 1
N       4.27225429     -6.46074496     -5.01888142
C       4.17485241     -6.17749649     -3.67089342
C       5.00674973     -6.76377753     -2.73131183
B       5.17876852     -7.53189585     -5.67621711
N       6.10489571     -8.06385476     -4.52017196
C       5.86394171     -7.74448201     -3.17597655
C       7.18061860     -8.84482224     -4.58024088
C       7.71965303     -9.11410209     -3.32187022
C       6.91396425     -8.43332752     -2.44586844
C       3.35394072     -5.04129839     -3.57492469
F       4.50763126     -8.62381870     -6.34893292
C       3.49782528     -5.56320882     -5.68304523
C       2.91119915     -4.68788685     -4.80532443
F       5.93120137     -6.79658548     -6.66023672
C       4.84397946     -6.45495782     -1.27714392
C       5.96220440     -6.05356188     -0.56499596
H       6.91835615     -5.86759944     -1.08111902
C       5.85368408     -5.82191655      0.80364837
H       6.74659349     -5.40372748      1.34112418
C       4.64093160     -5.92449165      1.47482729
H       4.59834193     -5.77278080      2.56806962
C       3.55706977     -6.41622862      0.72709007
H       2.61699269     -6.68068557      1.26098935
C       3.63451388     -6.66409495     -0.64329251
H       2.81190814     -6.96159125     -1.25268778
H       7.42540076     -9.26071625     -5.50754888
H       8.55093385     -9.80555735     -3.14265248
H       6.97703696     -8.38965664     -1.35892721
H       3.19587885     -4.60721800     -2.56854657
H       3.22382412     -5.75185349     -6.72766250
H       2.25659583     -3.83378389     -5.05205786
----
0 1
N      -2.98534845      6.72628673      1.55406468
C      -3.25519655      7.69813597      2.53283754
C      -2.55751217      7.67487779      3.71391432
B      -2.08688089      5.39092214      1.66632945
N      -1.39001130      5.63220783      3.04135623
C      -1.67063151      6.60545863      4.00562957
C      -0.31437506      4.92748992      3.50749959
C       0.10660334      5.43279050      4.75541011
C      -0.77895317      6.43425884      5.05961478
C      -4.18617366      8.63690251      2.05738643
F      -2.77609762      4.20273575      1.69553699
C      -3.76350891      7.09056120      0.51868122
C      -4.56606663      8.24179377      0.77631058
F      -1.14356777      5.39205723      0.62241533
C      -2.76999296      8.67629603      4.78797095
C      -1.78454151      9.48309220      5.36622558
H      -0.73198053      9.36178387      5.10331195
C      -2.16497053     10.45319419      6.31597191
H      -1.38195177     11.16468512      6.67482129
C      -3.50909570     10.67729412      6.66381907
H      -3.86925908     11.57225202      7.30381874
C      -4.42744583      9.77704575      6.19213103
H      -5.47041060      9.80539878      6.55696348
C      -4.06857574      8.78592512      5.28694000
H      -4.79535513      8.18951925      4.86121137
H      -0.02517298      4.06870819      2.94588673
H       0.90857363      4.95508898      5.32190029
H      -0.71360311      7.06268470      5.94517559
H      -4.44751107      9.48919603      2.58353213
H      -3.72947932      6.55856595     -0.41292101
H      -5.25526195      8.78265013      0.12170132
----
0 1
N      -7.60076889    -11.28774136      2.56907202
C      -7.50537251    -12.05363592      3.73751765
C      -7.36686417    -13.45811177      3.72551487
B      -7.28785646    -11.87000518      1.10336326
N      -7.35872018    -13.38668769      1.27025932
C      -7.33761938    -14.10347093      2.47532122
C      -7.59545662    -14.34688559      0.30178224
C      -7.62305531    -15.60671631      0.82805839
C      -7.42981668    -15.46038067      2.21627485
C      -7.66830270    -11.16623962      4.85654777
F      -8.29195416    -11.30943419      0.30060673
C      -7.84778681    -10.01078725      2.88619311
C      -7.90102102     -9.89614679      4.29592740
F      -5.96643049    -11.48442963      0.70492090
C      -7.20562582    -14.34966020      4.95228347
C      -5.96977653    -14.95600509      5.04195153
H      -5.21671504    -14.72779129      4.30771669
C      -5.72611104    -15.81750741      6.08407526
H      -4.84689559    -16.53343366      6.10452225
C      -6.70304753    -15.93720054      7.10115222
H      -6.62145411    -16.74168537      7.82894017
C      -7.91144280    -15.28292341      7.02174176
H      -8.77414482    -15.36272508      7.74510405
C      -8.20294274    -14.43009765      5.94655671
H      -9.03255916    -13.68262510      5.91572992
H      -7.78448050    -14.04503633     -0.74491823
H      -7.89094351    -16.59243613      0.40514009
H      -7.56730980    -16.31135882      2.87998296
H      -7.85137444    -11.35688471      5.85233013
H      -8.02048962     -9.24142240      2.08058562
H      -7.98765914     -8.98299499      4.89818212
----
0 1
N      11.59371958     -7.78895832     -3.52992231
C      11.59550356     -8.21006983     -2.17735113
C      11.29439249     -9.48302179     -1.71264449
B      11.58662430     -8.85812014     -4.75167041
N      11.01002759    -10.16205231     -4.04561848
C      11.09153508    -10.45976457     -2.70375528
C      10.40537054    -11.15194859     -4.73738466
C       9.94545072    -12.11253358     -3.82740371
C      10.38972006    -11.72204041     -2.56144200
C      11.86144177     -7.08691099     -1.36916878
F      10.64743893     -8.43201437     -5.70041465
C      11.80967146     -6.48473035     -3.59168885
C      12.05535462     -6.00999115     -2.22891475
F      12.83288439     -8.91996149     -5.35636116
C      11.12337812     -9.73373033     -0.26673274
C      11.81701812    -10.73141393      0.41324200
H      12.41971282    -11.46808278     -0.12525158
C      11.64799807    -10.88575873      1.76456809
H      12.21510239    -11.64148919      2.23387474
C      10.74443285    -10.10500808      2.49351181
H      10.57268585    -10.24150816      3.53851319
C      10.15448706     -9.08019558      1.79686690
H       9.41355132     -8.40836621      2.16157254
C      10.27606609     -8.92023736      0.42854146
H       9.88388889     -8.05430853     -0.11372984
H      10.20671246    -11.13514726     -5.81154190
H       9.27631229    -12.95083697     -3.95779605
H      10.07305521    -12.20710969     -1.64472927
H      11.91021401     -7.01811947     -0.24573683
H      11.87232833     -5.89738355     -4.53592052
H      12.23516887     -5.04386124     -1.99824504
----
0 1
N      11.98623752     -3.13755159      3.56243011
C      12.55175227     -2.82536993      4.76064307
C      12.91320048     -3.77428454      5.72996412
B      11.55320707     -4.61841081      3.02731570
N      12.15164967     -5.53630038      4.18179875
C      12.88119426     -5.12124205      5.33652410
C      12.08522210     -6.89078034      4.18665321
C      12.79386183     -7.36820753      5.32069551
C      13.29331077     -6.24810351      5.98810260
C      12.98452465     -1.48716902      4.73939772
F      10.19553025     -4.72249987      2.84767305
C      12.06074444     -2.05120748      2.77532028
C      12.70058724     -0.98058869      3.47163696
F      12.15094995     -5.00781274      1.79839446
C      13.63375596     -3.61039368      7.04117164
C      14.93076476     -4.06823448      7.05301937
H      15.39155951     -4.48605937      6.15342202
C      15.65591283     -4.01021499      8.23506499
H      16.69218811     -4.30607292      8.21033017
C      15.12136594     -3.37127554      9.36447775
H      15.63714962     -3.46435808     10.32523864
C      13.84329531     -2.84971701      9.25791419
H      13.35441694     -2.50926364     10.13276916
C      13.04763209     -2.98536541      8.11514904
H      12.06899924     -2.53222414      8.06878857
H      11.63816373     -7.52183644      3.42870430
H      12.91490390     -8.39920042      5.66177844
H      13.62089922     -6.30474232      7.00842092
H      13.65339111     -1.05180070      5.46860351
H      11.64528563     -1.90455840      1.77667326
H      12.97064051     -0.03290669      3.05359580
$end

$rem
method               pbe0
basis                3-21g
thresh               14
sym_ignore           1
cis_n_roots          40
rpa                  1
cis_triplets         0
mem_total            30000
$end

$polariton
cavity_mode  0.005 0.0 0.0
cavity_freq  0.130
cavity_model jc
rpa          1
solver_algorithm    davidson_qr
solver_conv_prop    energy
solver_conv_thresh  10
nstates             41
target_states       any
level_shift         0.01
resonance_state     1
$end
