$molecule
0 1
----
0 1
N       4.27225429     -6.46074496     -5.01888142
C       4.17485241     -6.17749649     -3.67089342
C       5.00674973     -6.76377753     -2.73131183
B       5.17876852     -7.53189585     -5.67621711
N       6.10489571     -8.06385476     -4.52017196
C       5.86394171     -7.74448201     -3.17597655
C       7.18061860     -8.84482224     -4.58024088
C       7.71965303     -9.11410209     -3.32187022
C       6.91396425     -8.43332752     -2.44586844
C       3.35394072     -5.04129839     -3.57492469
F       4.50763126     -8.62381870     -6.34893292
C       3.49782528     -5.56320882     -5.68304523
C       2.91119915     -4.68788685     -4.80532443
F       5.93120137     -6.79658548     -6.66023672
C       4.84397946     -6.45495782     -1.27714392
C       5.96220440     -6.05356188     -0.56499596
H       6.91835615     -5.86759944     -1.08111902
C       5.85368408     -5.82191655      0.80364837
H       6.74659349     -5.40372748      1.34112418
C       4.64093160     -5.92449165      1.47482729
H       4.59834193     -5.77278080      2.56806962
C       3.55706977     -6.41622862      0.72709007
H       2.61699269     -6.68068557      1.26098935
C       3.63451388     -6.66409495     -0.64329251
H       2.81190814     -6.96159125     -1.25268778
H       7.42540076     -9.26071625     -5.50754888
H       8.55093385     -9.80555735     -3.14265248
H       6.97703696     -8.38965664     -1.35892721
H       3.19587885     -4.60721800     -2.56854657
H       3.22382412     -5.75185349     -6.72766250
H       2.25659583     -3.83378389     -5.05205786
----
0 1
N      -2.98534845      6.72628673      1.55406468
C      -3.25519655      7.69813597      2.53283754
C      -2.55751217      7.67487779      3.71391432
B      -2.08688089      5.39092214      1.66632945
N      -1.39001130      5.63220783      3.04135623
C      -1.67063151      6.60545863      4.00562957
C      -0.31437506      4.92748992      3.50749959
C       0.10660334      5.43279050      4.75541011
C      -0.77895317      6.43425884      5.05961478
C      -4.18617366      8.63690251      2.05738643
F      -2.77609762      4.20273575      1.69553699
C      -3.76350891      7.09056120      0.51868122
C      -4.56606663      8.24179377      0.77631058
F      -1.14356777      5.39205723      0.62241533
C      -2.76999296      8.67629603      4.78797095
C      -1.78454151      9.48309220      5.36622558
H      -0.73198053      9.36178387      5.10331195
C      -2.16497053     10.45319419      6.31597191
H      -1.38195177     11.16468512      6.67482129
C      -3.50909570     10.67729412      6.66381907
H      -3.86925908     11.57225202      7.30381874
C      -4.42744583      9.77704575      6.19213103
H      -5.47041060      9.80539878      6.55696348
C      -4.06857574      8.78592512      5.28694000
H      -4.79535513      8.18951925      4.86121137
H      -0.02517298      4.06870819      2.94588673
H       0.90857363      4.95508898      5.32190029
H      -0.71360311      7.06268470      5.94517559
H      -4.44751107      9.48919603      2.58353213
H      -3.72947932      6.55856595     -0.41292101
H      -5.25526195      8.78265013      0.12170132
----
0 1
N      -7.60076889    -11.28774136      2.56907202
C      -7.50537251    -12.05363592      3.73751765
C      -7.36686417    -13.45811177      3.72551487
B      -7.28785646    -11.87000518      1.10336326
N      -7.35872018    -13.38668769      1.27025932
C      -7.33761938    -14.10347093      2.47532122
C      -7.59545662    -14.34688559      0.30178224
C      -7.62305531    -15.60671631      0.82805839
C      -7.42981668    -15.46038067      2.21627485
C      -7.66830270    -11.16623962      4.85654777
F      -8.29195416    -11.30943419      0.30060673
C      -7.84778681    -10.01078725      2.88619311
C      -7.90102102     -9.89614679      4.29592740
F      -5.96643049    -11.48442963      0.70492090
C      -7.20562582    -14.34966020      4.95228347
C      -5.96977653    -14.95600509      5.04195153
H      -5.21671504    -14.72779129      4.30771669
C      -5.72611104    -15.81750741      6.08407526
H      -4.84689559    -16.53343366      6.10452225
C      -6.70304753    -15.93720054      7.10115222
H      -6.62145411    -16.74168537      7.82894017
C      -7.91144280    -15.28292341      7.02174176
H      -8.77414482    -15.36272508      7.74510405
C      -8.20294274    -14.43009765      5.94655671
H      -9.03255916    -13.68262510      5.91572992
H      -7.78448050    -14.04503633     -0.74491823
H      -7.89094351    -16.59243613      0.40514009
H      -7.56730980    -16.31135882      2.87998296
H      -7.85137444    -11.35688471      5.85233013
H      -8.02048962     -9.24142240      2.08058562
H      -7.98765914     -8.98299499      4.89818212
----
0 1
N      11.59371958     -7.78895832     -3.52992231
C      11.59550356     -8.21006983     -2.17735113
C      11.29439249     -9.48302179     -1.71264449
B      11.58662430     -8.85812014     -4.75167041
N      11.01002759    -10.16205231     -4.04561848
C      11.09153508    -10.45976457     -2.70375528
C      10.40537054    -11.15194859     -4.73738466
C       9.94545072    -12.11253358     -3.82740371
C      10.38972006    -11.72204041     -2.56144200
C      11.86144177     -7.08691099     -1.36916878
F      10.64743893     -8.43201437     -5.70041465
C      11.80967146     -6.48473035     -3.59168885
C      12.05535462     -6.00999115     -2.22891475
F      12.83288439     -8.91996149     -5.35636116
C      11.12337812     -9.73373033     -0.26673274
C      11.81701812    -10.73141393      0.41324200
H      12.41971282    -11.46808278     -0.12525158
C      11.64799807    -10.88575873      1.76456809
H      12.21510239    -11.64148919      2.23387474
C      10.74443285    -10.10500808      2.49351181
H      10.57268585    -10.24150816      3.53851319
C      10.15448706     -9.08019558      1.79686690
H       9.41355132     -8.40836621      2.16157254
C      10.27606609     -8.92023736      0.42854146
H       9.88388889     -8.05430853     -0.11372984
H      10.20671246    -11.13514726     -5.81154190
H       9.27631229    -12.95083697     -3.95779605
H      10.07305521    -12.20710969     -1.64472927
H      11.91021401     -7.01811947     -0.24573683
H      11.87232833     -5.89738355     -4.53592052
H      12.23516887     -5.04386124     -1.99824504
----
0 1
N      11.98623752     -3.13755159      3.56243011
C      12.55175227     -2.82536993      4.76064307
C      12.91320048     -3.77428454      5.72996412
B      11.55320707     -4.61841081      3.02731570
N      12.15164967     -5.53630038      4.18179875
C      12.88119426     -5.12124205      5.33652410
C      12.08522210     -6.89078034      4.18665321
C      12.79386183     -7.36820753      5.32069551
C      13.29331077     -6.24810351      5.98810260
C      12.98452465     -1.48716902      4.73939772
F      10.19553025     -4.72249987      2.84767305
C      12.06074444     -2.05120748      2.77532028
C      12.70058724     -0.98058869      3.47163696
F      12.15094995     -5.00781274      1.79839446
C      13.63375596     -3.61039368      7.04117164
C      14.93076476     -4.06823448      7.05301937
H      15.39155951     -4.48605937      6.15342202
C      15.65591283     -4.01021499      8.23506499
H      16.69218811     -4.30607292      8.21033017
C      15.12136594     -3.37127554      9.36447775
H      15.63714962     -3.46435808     10.32523864
C      13.84329531     -2.84971701      9.25791419
H      13.35441694     -2.50926364     10.13276916
C      13.04763209     -2.98536541      8.11514904
H      12.06899924     -2.53222414      8.06878857
H      11.63816373     -7.52183644      3.42870430
H      12.91490390     -8.39920042      5.66177844
H      13.62089922     -6.30474232      7.00842092
H      13.65339111     -1.05180070      5.46860351
H      11.64528563     -1.90455840      1.77667326
H      12.97064051     -0.03290669      3.05359580
----
0 1
N       2.10612220    -10.02676741    -18.51484389
C       2.95697615    -10.97719133    -17.79896670
C       3.07475889    -10.83210448    -16.41325598
B       1.66013725     -8.62601957    -17.91345350
N       1.53255206     -8.99552076    -16.36958889
C       2.44648440     -9.79835227    -15.75535802
C       1.04544474     -8.18506980    -15.36333025
C       1.62811180     -8.49552380    -14.10472668
C       2.51136879     -9.56409846    -14.38454821
C       3.56075716    -11.81202548    -18.82281908
F       2.69337115     -7.72072461    -18.11966463
C       2.14287019    -10.32169019    -19.85792157
C       3.05521725    -11.35769280    -20.02463541
F       0.47244243     -8.26413884    -18.50746013
C       3.84694429    -11.84225386    -15.61798230
C       3.09049959    -12.49096254    -14.63809017
H       2.08458126    -12.20283304    -14.42238736
C       3.65338214    -13.53686290    -13.89827246
H       3.01768510    -14.13106232    -13.23012539
C       5.01324611    -13.90035764    -14.12858904
H       5.51832305    -14.58624270    -13.49770957
C       5.71977218    -13.28696065    -15.14060314
H       6.80504556    -13.36331234    -15.22698551
C       5.19638035    -12.21111384    -15.83445904
H       5.82965417    -11.68412019    -16.62020840
H       0.34188792     -7.49263448    -15.59501147
H       1.32877535     -8.08966255    -13.18397489
H       3.22146616    -10.04678830    -13.73741738
H       4.23604335    -12.60373505    -18.70488368
H       1.66779595     -9.70776910    -20.58537360
H       3.32756593    -11.84172286    -20.97299705
----
0 1
N      -8.71863479     12.13509777     -1.08561785
C      -8.29378940     13.45838982     -1.41111905
C      -8.12242856     14.39040823     -0.41474301
B      -8.57506265     11.45471922      0.32270320
N      -8.46232812     12.66073291      1.33251718
C      -8.26553479     13.98698648      0.91002071
C      -8.68277074     12.70503190      2.66883286
C      -8.59539415     14.05037228      3.14528758
C      -8.35857017     14.82901522      2.01506821
C      -8.25958253     13.66842798     -2.81240662
F      -9.72294113     10.70723396      0.55742473
C      -8.95591069     11.52467344     -2.25303006
C      -8.67691431     12.47144761     -3.36957817
F      -7.45704841     10.56446214      0.39038747
C      -7.82579319     15.83186391     -0.76994451
C      -6.63263296     16.45576401     -0.38245107
H      -5.92606413     15.98463062      0.34818119
C      -6.38854925     17.73888501     -0.75141783
H      -5.29536558     18.06729817     -0.60654724
C      -7.30083807     18.44703505     -1.58059810
H      -7.13794741     19.42157704     -2.02998604
C      -8.51323391     17.83753486     -1.93848472
H      -9.26803908     18.45092377     -2.41892135
C      -8.79135894     16.52082302     -1.51869724
H      -9.66403924     15.94562246     -1.94820876
H      -9.02405987     11.84932075      3.13885338
H      -8.80821199     14.36482523      4.13512989
H      -8.25168635     15.93632817      2.05466301
H      -7.95413507     14.56517549     -3.34972578
H      -9.33160479     10.49619139     -2.22132788
H      -8.69158465     12.20638958     -4.41272811
----
0 1
N     -16.56661677     -6.72880041      3.88476449
C     -16.31465781     -6.78743964      2.55751708
C     -17.33963412     -7.03081179      1.60800936
B     -17.94686210     -7.14050094      4.62378402
N     -18.94247365     -7.30303153      3.40014355
C     -18.65229112     -7.28731753      2.04426482
C     -20.21503342     -7.63749659      3.59506026
C     -20.82142406     -7.86345669      2.27875501
C     -19.78286763     -7.68126564      1.31911048
C     -14.94767786     -6.48742453      2.25795331
F     -17.82729692     -8.40664103      5.26517399
C     -15.39241318     -6.37550816      4.47627613
C     -14.40570970     -6.22583486      3.50677427
F     -18.41580520     -6.15656314      5.42693645
C     -16.91791270     -7.09117988      0.13672896
C     -17.44411958     -6.26211942     -0.87754253
H     -18.12418138     -5.43981169     -0.62345414
C     -17.13882420     -6.43521343     -2.21180101
H     -17.51195082     -5.67306627     -2.88615629
C     -16.25723693     -7.44421342     -2.59371594
H     -16.06296809     -7.54384839     -3.66316208
C     -15.71794705     -8.31615885     -1.59629329
H     -15.17570856     -9.19963885     -1.95625177
C     -16.06376679     -8.18544796     -0.26272747
H     -15.74127616     -8.86208811      0.52400373
H     -20.66633967     -7.83289008      4.56807654
H     -21.89973735     -8.08405211      2.09186510
H     -19.87104537     -7.80875483      0.23988366
H     -14.39584601     -6.57309884      1.35780910
H     -15.42481778     -6.27356055      5.57655362
H     -13.33273354     -5.94779696      3.57777120
----
0 1
N     -18.42752050      8.01945976     -4.78239318
C     -17.61994932      7.45705691     -3.77714603
C     -16.32899985      6.99922066     -4.07894607
B     -18.10139929      8.32321903     -6.24163246
N     -16.59524771      7.77202665     -6.41295171
C     -15.80727046      7.29352244     -5.32577808
C     -15.84888017      7.81087384     -7.51977898
C     -14.55835493      7.25809810     -7.22171389
C     -14.48416249      6.97262232     -5.85669434
C     -18.36056650      7.58720942     -2.52051540
F     -18.92058951      7.64661047     -7.23539199
C     -19.56654470      8.46876684     -4.21449743
C     -19.59684488      8.17233316     -2.80305274
F     -18.14259873      9.73459946     -6.44168295
C     -15.52422156      6.35914170     -2.99505290
C     -14.47573682      7.18261481     -2.49770893
H     -14.43397875      8.19569595     -2.92693274
C     -13.76094072      6.76145717     -1.39988708
H     -13.01394654      7.40527219     -0.84130314
C     -14.12004422      5.52550764     -0.83753525
H     -13.55967829      5.23395610      0.03902757
C     -15.09255094      4.67876624     -1.38487980
H     -15.30652220      3.70012248     -0.91324441
C     -15.83148451      5.10105162     -2.50635172
H     -16.62420795      4.51441146     -2.94905857
H     -16.23927904      8.01731553     -8.50350200
H     -13.70796489      7.30257400     -7.88640427
H     -13.69708540      6.43589788     -5.30253844
H     -17.98820633      7.36111215     -1.49004637
H     -20.33172001      8.91902203     -4.78126028
H     -20.39849664      8.34283157     -2.11461005
----
0 1
N      13.89296834      8.23119260      8.19070756
C      12.95952599      7.19250485      8.00102914
C      13.18977700      6.25826784      6.99845992
B      15.35487615      8.30507815      7.61019915
N      15.44323058      7.06148757      6.69974505
C      14.37102429      6.23461112      6.30493937
C      16.48608806      6.80290356      5.88237002
C      16.11894458      5.76040709      5.00285275
C      14.78274365      5.40840372      5.22173531
C      11.93048688      7.25096369      8.95742240
F      15.52293319      9.52779410      6.93384395
C      13.46986721      8.93354861      9.28456694
C      12.28677961      8.32437444      9.81338470
F      16.21831440      8.15466509      8.67891075
C      12.07586570      5.39813392      6.48329535
C      12.27107840      4.01315760      6.14454505
H      13.23386717      3.55134400      6.34725846
C      11.26234107      3.26895475      5.59933263
H      11.33844164      2.17308579      5.36872280
C      10.00091479      3.84003910      5.32172644
H       9.17336991      3.20933619      5.01718943
C       9.79682109      5.24589606      5.58777564
H       8.83314791      5.69191341      5.27601274
C      10.84884708      6.00201361      6.15762418
H      10.67450425      7.06194961      6.29691319
H      17.29938047      7.46111754      5.99791012
H      16.73248541      5.27129801      4.24882351
H      14.27572141      4.63753738      4.66674401
H      11.17357716      6.51132493      9.12216528
H      14.09353939      9.73113366      9.65246710
H      11.77774006      8.70723250     10.69770853
$end

$rem
method               pbe0
basis                3-21g
thresh               14
sym_ignore           1
cis_n_roots          40
rpa                  1
cis_triplets         0
mem_total            30000
$end

$polariton
cavity_mode  0.005 0.0 0.0
cavity_freq  0.130
cavity_model jc
rpa          1
solver_algorithm    davidson_qr
solver_conv_prop    energy
solver_conv_thresh  10
nstates             41
target_states       any
level_shift         0.01
resonance_state     1
$end
