$molecule
0 1
----
0 1
 N     4.45823721    -6.44612151    -4.87796828
 C     4.29738951    -6.22061176    -3.50147423
 C     5.06838800    -6.88881261    -2.55790601
 B     5.42244098    -7.53454250    -5.49042424
 N     6.20346556    -8.11472612    -4.31588407
 C     6.07252308    -7.73459485    -2.95710696
 C     7.25320317    -8.91182881    -4.41758003
 C     7.72874743    -9.28531156    -3.11105032
 C     7.03069723    -8.53503310    -2.21385594
 C     3.42408781    -5.09704968    -3.37718153
 F     4.63626427    -8.49275561    -6.13567315
 C     3.68262969    -5.55834269    -5.53768506
 C     2.97714886    -4.76762892    -4.61563860
 F     6.36082635    -6.96918934    -6.41125514
 C     4.93345782    -6.49968291    -1.15227375
 C     6.06440840    -6.09125991    -0.46631488
 H     7.02295527    -6.15054921    -0.95384311
 C     5.99690898    -5.74965467     0.91374121
 H     6.89638631    -5.44393609     1.47919697
 C     4.79181499    -5.68456815     1.56227444
 H     4.70070577    -5.33574127     2.55661762
 C     3.61095804    -6.08705663     0.87436076
 H     2.65790525    -6.02981694     1.37278929
 C     3.66234150    -6.50354808    -0.49472410
 H     2.75636875    -6.93996762    -0.86684021
 H     7.55679978    -9.22950712    -5.42258375
 H     8.50191937    -9.99548484    -2.87217673
 H     6.97697953    -8.56243655    -1.16271495
 H     3.31087747    -4.62345070    -2.43361640
 H     3.64735279    -5.73303135    -6.59433411
 H     2.34134893    -3.95498937    -4.87410379
----
0 1
 N    -2.84249183     6.48188962     1.54449364
 C    -3.08316431     7.48716972     2.50429993
 C    -2.33786815     7.50465071     3.68128105
 B    -1.86748087     5.34047838     1.60313715
 N    -1.11258716     5.55181252     2.93977021
 C    -1.32834206     6.51694635     3.89040419
 C    -0.29137356     4.64411649     3.46900792
 C     0.10107077     5.03092699     4.79661086
 C    -0.53414392     6.22030502     5.06531306
 C    -4.15362389     8.34815442     1.98206165
 F    -2.65934939     4.19526236     1.62861604
 C    -3.55309838     6.80154648     0.45173729
 C    -4.40467857     7.87265056     0.72037164
 F    -0.93345667     5.38053292     0.55509616
 C    -2.53847489     8.58580820     4.70106293
 C    -1.44220220     9.26551356     5.22397897
 H    -0.48258115     9.07980605     4.83695259
 C    -1.59136543    10.26681181     6.21669157
 H    -0.70713692    10.78979400     6.58459474
 C    -2.87064767    10.58054507     6.64792794
 H    -2.99133398    11.34424321     7.35966177
 C    -3.96590694     9.93578806     6.08323088
 H    -4.97840575    10.12267485     6.43534467
 C    -3.83658706     8.96211425     5.08813832
 H    -4.76019712     8.48319189     4.70665209
 H    -0.02292428     3.87585275     2.79554094
 H     0.71935064     4.42490910     5.46768057
 H    -0.67417190     6.76806941     5.95672349
 H    -4.38571435     9.27373510     2.43688036
 H    -3.31802569     6.25865633    -0.44264969
 H    -5.17862201     8.30284491     0.09369569
----
0 1
 N    -7.40829521   -11.25057174     2.73743162
 C    -7.23761441   -12.15788033     3.74401240
 C    -7.03966070   -13.49569870     3.60564104
 B    -7.60276671   -11.58512403     1.18112426
 N    -7.30725748   -13.14687660     1.17164043
 C    -7.02251016   -14.02089378     2.29768925
 C    -7.44242750   -13.94637580     0.07405463
 C    -7.20957393   -15.28155348     0.41514480
 C    -6.96952305   -15.29863179     1.82158944
 C    -7.07058558   -11.49452823     5.01348658
 F    -8.88073457   -11.13747567     0.84807993
 C    -7.29096496   -10.01074130     3.34076338
 C    -7.05232232   -10.12907420     4.72792492
 F    -6.66134807   -10.96787035     0.37792526
 C    -6.90681092   -14.39753925     4.80833196
 C    -5.82254598   -15.29931112     4.93144316
 H    -5.12570913   -15.43621543     4.13678234
 C    -5.82520911   -16.10233495     6.08370946
 H    -5.02163983   -16.81025996     6.15560367
 C    -6.79100458   -16.00327418     7.07594551
 H    -6.64594096   -16.70716011     7.90945461
 C    -7.81002314   -15.04791266     6.98924942
 H    -8.60352358   -14.92370735     7.68690117
 C    -7.94353172   -14.31941712     5.77291172
 H    -8.83540632   -13.76870689     5.64271586
 H    -7.68175893   -13.50248774    -0.85400535
 H    -7.32447990   -16.16072405    -0.23851368
 H    -6.63354033   -16.08567728     2.47588901
 H    -6.78801265   -12.01696837     5.88385828
 H    -7.29053547    -9.13329250     2.78633002
 H    -6.82794647    -9.43440999     5.41405298
----
0 1
 N    11.98944103    -7.67332431    -3.58543730
 C    11.76707349    -7.97560828    -2.18805121
 C    11.18166421    -9.23930779    -1.82829269
 B    11.60601880    -8.51360947    -4.82670526
 N    10.97136432    -9.82727195    -4.17827799
 C    10.83449446   -10.13092229    -2.83521098
 C    10.51276104   -10.94702616    -4.83800712
 C    10.18068635   -11.99026360    -3.92921058
 C    10.31319209   -11.41901833    -2.66210389
 C    12.29899717    -6.91435577    -1.40344876
 F    10.67470477    -7.88129995    -5.60979178
 C    12.56039787    -6.46727550    -3.62425111
 C    12.81778297    -5.98114900    -2.34772577
 F    12.72370620    -8.93357443    -5.54598976
 C    11.11029757    -9.58457414    -0.40492566
 C    11.65707114   -10.74305343     0.20380788
 H    12.32784216   -11.28754845    -0.40461436
 C    11.35500437   -11.08535041     1.49704587
 H    11.68786869   -11.98209254     1.97727269
 C    10.56042982   -10.20493646     2.28843049
 H    10.39818927   -10.59120940     3.27688751
 C    10.08938328    -8.98840498     1.79076526
 H     9.49109817    -8.34558744     2.31631086
 C    10.35916222    -8.69321899     0.46965561
 H     9.99746371    -7.78513126    -0.01150893
 H    10.55997133   -10.95762125    -5.95315936
 H     9.90529901   -13.03527621    -4.18328698
 H    10.19620438   -11.82155561    -1.66962924
 H    12.48809164    -6.92121672    -0.35214830
 H    12.84632837    -6.12641703    -4.61151897
 H    13.29595272    -5.05041503    -2.09830634
----
0 1
 N    11.92375801    -3.31969370     3.71361359
 C    12.68593460    -2.96127679     4.83798751
 C    13.21889566    -3.89925930     5.71341080
 B    11.86756242    -4.78769857     3.08769374
 N    12.49286605    -5.68508834     4.20970491
 C    13.12613595    -5.25072391     5.40602728
 C    12.56170041    -7.04133925     4.15414821
 C    13.08777205    -7.58969152     5.39411385
 C    13.47818890    -6.42717929     6.11731796
 C    12.73756882    -1.56145853     4.91161510
 F    10.58104048    -5.22755779     2.91471548
 C    11.53618635    -2.17708803     3.14193990
 C    12.07206591    -1.06374822     3.81044440
 F    12.57738395    -4.82316544     1.87091637
 C    13.90223699    -3.50942654     6.95399215
 C    15.20550898    -3.98998441     7.15150408
 H    15.70307343    -4.44885352     6.25163425
 C    15.81561360    -3.81465970     8.42667409
 H    16.84279283    -4.08228663     8.57635714
 C    15.08151075    -3.15857640     9.47541015
 H    15.69518903    -3.02955461    10.45006036
 C    13.77322720    -2.70117345     9.25938257
 H    13.16091666    -2.35495774    10.10843143
 C    13.13041230    -2.91248537     8.02335207
 H    12.05869577    -2.76012910     7.90707607
 H    12.12320819    -7.57121606     3.29510915
 H    13.27142987    -8.62711634     5.56977806
 H    13.83858330    -6.41452936     7.15188785
 H    13.27486950    -1.01707235     5.68570523
 H    11.02718804    -2.28192353     2.23533626
 H    12.00664977    -0.03469719     3.55015952
$end

$rem
method               pbe0
basis                3-21g
thresh               14
sym_ignore           1
cis_n_roots          40
rpa                  1
cis_triplets         0
mem_total            30000
$end

$polariton
cavity_mode  0.005 0.0 0.0
cavity_freq  0.130
cavity_model jc
rpa          1
solver_algorithm    davidson_qr
solver_conv_prop    energy
solver_conv_thresh  10
nstates             61
target_states       any
level_shift         0.01
resonance_state     1
$end
