$molecule
0 1
----
0 1
 N     4.45823721    -6.44612151    -4.87796828
 C     4.29738951    -6.22061176    -3.50147423
 C     5.06838800    -6.88881261    -2.55790601
 B     5.42244098    -7.53454250    -5.49042424
 N     6.20346556    -8.11472612    -4.31588407
 C     6.07252308    -7.73459485    -2.95710696
 C     7.25320317    -8.91182881    -4.41758003
 C     7.72874743    -9.28531156    -3.11105032
 C     7.03069723    -8.53503310    -2.21385594
 C     3.42408781    -5.09704968    -3.37718153
 F     4.63626427    -8.49275561    -6.13567315
 C     3.68262969    -5.55834269    -5.53768506
 C     2.97714886    -4.76762892    -4.61563860
 F     6.36082635    -6.96918934    -6.41125514
 C     4.93345782    -6.49968291    -1.15227375
 C     6.06440840    -6.09125991    -0.46631488
 H     7.02295527    -6.15054921    -0.95384311
 C     5.99690898    -5.74965467     0.91374121
 H     6.89638631    -5.44393609     1.47919697
 C     4.79181499    -5.68456815     1.56227444
 H     4.70070577    -5.33574127     2.55661762
 C     3.61095804    -6.08705663     0.87436076
 H     2.65790525    -6.02981694     1.37278929
 C     3.66234150    -6.50354808    -0.49472410
 H     2.75636875    -6.93996762    -0.86684021
 H     7.55679978    -9.22950712    -5.42258375
 H     8.50191937    -9.99548484    -2.87217673
 H     6.97697953    -8.56243655    -1.16271495
 H     3.31087747    -4.62345070    -2.43361640
 H     3.64735279    -5.73303135    -6.59433411
 H     2.34134893    -3.95498937    -4.87410379
----
0 1
 N    -2.84249183     6.48188962     1.54449364
 C    -3.08316431     7.48716972     2.50429993
 C    -2.33786815     7.50465071     3.68128105
 B    -1.86748087     5.34047838     1.60313715
 N    -1.11258716     5.55181252     2.93977021
 C    -1.32834206     6.51694635     3.89040419
 C    -0.29137356     4.64411649     3.46900792
 C     0.10107077     5.03092699     4.79661086
 C    -0.53414392     6.22030502     5.06531306
 C    -4.15362389     8.34815442     1.98206165
 F    -2.65934939     4.19526236     1.62861604
 C    -3.55309838     6.80154648     0.45173729
 C    -4.40467857     7.87265056     0.72037164
 F    -0.93345667     5.38053292     0.55509616
 C    -2.53847489     8.58580820     4.70106293
 C    -1.44220220     9.26551356     5.22397897
 H    -0.48258115     9.07980605     4.83695259
 C    -1.59136543    10.26681181     6.21669157
 H    -0.70713692    10.78979400     6.58459474
 C    -2.87064767    10.58054507     6.64792794
 H    -2.99133398    11.34424321     7.35966177
 C    -3.96590694     9.93578806     6.08323088
 H    -4.97840575    10.12267485     6.43534467
 C    -3.83658706     8.96211425     5.08813832
 H    -4.76019712     8.48319189     4.70665209
 H    -0.02292428     3.87585275     2.79554094
 H     0.71935064     4.42490910     5.46768057
 H    -0.67417190     6.76806941     5.95672349
 H    -4.38571435     9.27373510     2.43688036
 H    -3.31802569     6.25865633    -0.44264969
 H    -5.17862201     8.30284491     0.09369569
----
0 1
 N    -7.40829521   -11.25057174     2.73743162
 C    -7.23761441   -12.15788033     3.74401240
 C    -7.03966070   -13.49569870     3.60564104
 B    -7.60276671   -11.58512403     1.18112426
 N    -7.30725748   -13.14687660     1.17164043
 C    -7.02251016   -14.02089378     2.29768925
 C    -7.44242750   -13.94637580     0.07405463
 C    -7.20957393   -15.28155348     0.41514480
 C    -6.96952305   -15.29863179     1.82158944
 C    -7.07058558   -11.49452823     5.01348658
 F    -8.88073457   -11.13747567     0.84807993
 C    -7.29096496   -10.01074130     3.34076338
 C    -7.05232232   -10.12907420     4.72792492
 F    -6.66134807   -10.96787035     0.37792526
 C    -6.90681092   -14.39753925     4.80833196
 C    -5.82254598   -15.29931112     4.93144316
 H    -5.12570913   -15.43621543     4.13678234
 C    -5.82520911   -16.10233495     6.08370946
 H    -5.02163983   -16.81025996     6.15560367
 C    -6.79100458   -16.00327418     7.07594551
 H    -6.64594096   -16.70716011     7.90945461
 C    -7.81002314   -15.04791266     6.98924942
 H    -8.60352358   -14.92370735     7.68690117
 C    -7.94353172   -14.31941712     5.77291172
 H    -8.83540632   -13.76870689     5.64271586
 H    -7.68175893   -13.50248774    -0.85400535
 H    -7.32447990   -16.16072405    -0.23851368
 H    -6.63354033   -16.08567728     2.47588901
 H    -6.78801265   -12.01696837     5.88385828
 H    -7.29053547    -9.13329250     2.78633002
 H    -6.82794647    -9.43440999     5.41405298
----
0 1
 N    11.98944103    -7.67332431    -3.58543730
 C    11.76707349    -7.97560828    -2.18805121
 C    11.18166421    -9.23930779    -1.82829269
 B    11.60601880    -8.51360947    -4.82670526
 N    10.97136432    -9.82727195    -4.17827799
 C    10.83449446   -10.13092229    -2.83521098
 C    10.51276104   -10.94702616    -4.83800712
 C    10.18068635   -11.99026360    -3.92921058
 C    10.31319209   -11.41901833    -2.66210389
 C    12.29899717    -6.91435577    -1.40344876
 F    10.67470477    -7.88129995    -5.60979178
 C    12.56039787    -6.46727550    -3.62425111
 C    12.81778297    -5.98114900    -2.34772577
 F    12.72370620    -8.93357443    -5.54598976
 C    11.11029757    -9.58457414    -0.40492566
 C    11.65707114   -10.74305343     0.20380788
 H    12.32784216   -11.28754845    -0.40461436
 C    11.35500437   -11.08535041     1.49704587
 H    11.68786869   -11.98209254     1.97727269
 C    10.56042982   -10.20493646     2.28843049
 H    10.39818927   -10.59120940     3.27688751
 C    10.08938328    -8.98840498     1.79076526
 H     9.49109817    -8.34558744     2.31631086
 C    10.35916222    -8.69321899     0.46965561
 H     9.99746371    -7.78513126    -0.01150893
 H    10.55997133   -10.95762125    -5.95315936
 H     9.90529901   -13.03527621    -4.18328698
 H    10.19620438   -11.82155561    -1.66962924
 H    12.48809164    -6.92121672    -0.35214830
 H    12.84632837    -6.12641703    -4.61151897
 H    13.29595272    -5.05041503    -2.09830634
----
0 1
 N    11.92375801    -3.31969370     3.71361359
 C    12.68593460    -2.96127679     4.83798751
 C    13.21889566    -3.89925930     5.71341080
 B    11.86756242    -4.78769857     3.08769374
 N    12.49286605    -5.68508834     4.20970491
 C    13.12613595    -5.25072391     5.40602728
 C    12.56170041    -7.04133925     4.15414821
 C    13.08777205    -7.58969152     5.39411385
 C    13.47818890    -6.42717929     6.11731796
 C    12.73756882    -1.56145853     4.91161510
 F    10.58104048    -5.22755779     2.91471548
 C    11.53618635    -2.17708803     3.14193990
 C    12.07206591    -1.06374822     3.81044440
 F    12.57738395    -4.82316544     1.87091637
 C    13.90223699    -3.50942654     6.95399215
 C    15.20550898    -3.98998441     7.15150408
 H    15.70307343    -4.44885352     6.25163425
 C    15.81561360    -3.81465970     8.42667409
 H    16.84279283    -4.08228663     8.57635714
 C    15.08151075    -3.15857640     9.47541015
 H    15.69518903    -3.02955461    10.45006036
 C    13.77322720    -2.70117345     9.25938257
 H    13.16091666    -2.35495774    10.10843143
 C    13.13041230    -2.91248537     8.02335207
 H    12.05869577    -2.76012910     7.90707607
 H    12.12320819    -7.57121606     3.29510915
 H    13.27142987    -8.62711634     5.56977806
 H    13.83858330    -6.41452936     7.15188785
 H    13.27486950    -1.01707235     5.68570523
 H    11.02718804    -2.28192353     2.23533626
 H    12.00664977    -0.03469719     3.55015952
----
0 1
 N    -8.51712692    12.42216551    -1.28897949
 C    -8.18207274    13.78371457    -1.51702102
 C    -7.94885533    14.66812926    -0.45537115
 B    -8.49065632    11.61976979     0.08324683
 N    -8.20693053    12.73657113     1.12772708
 C    -8.01349517    14.12086703     0.84435059
 C    -8.09995799    12.57745705     2.44437673
 C    -7.81302662    13.81016443     3.11222075
 C    -7.80717471    14.78801359     2.06226248
 C    -8.20320010    13.94137057    -2.95278470
 F    -9.73124422    10.98572023     0.33640768
 C    -8.88128391    11.86014487    -2.45076177
 C    -8.75638626    12.79573771    -3.51815715
 F    -7.46850931    10.64698335     0.11698416
 C    -7.67664599    16.10216132    -0.67220345
 C    -6.52351266    16.72534866    -0.16587000
 H    -5.91447705    16.04868209     0.45885731
 C    -6.41607252    18.14308153    -0.29592912
 H    -5.52553078    18.56155187     0.17570968
 C    -7.37005873    18.88365488    -1.01203268
 H    -7.18472536    19.95244104    -1.06722545
 C    -8.52119214    18.24433215    -1.53593738
 H    -9.36368061    18.74286370    -2.10617148
 C    -8.61672175    16.82741132    -1.46796934
 H    -9.48680226    16.31347571    -1.88141099
 H    -8.19018340    11.53006498     2.78425249
 H    -7.51181675    13.90722423     4.15810912
 H    -7.76169852    15.88297803     2.18322731
 H    -8.13047653    14.83309620    -3.54129595
 H    -9.15994901    10.85572122    -2.53844938
 H    -8.89498843    12.53656435    -4.53457083
----
0 1
 N   -16.67958841    -6.85515189     3.94832029
 C   -16.34604684    -6.82187084     2.53625193
 C   -17.31027939    -6.95650044     1.51522181
 B   -18.12380045    -7.12949204     4.46510198
 N   -18.99612708    -7.44844675     3.17448298
 C   -18.61149423    -7.21387579     1.83305931
 C   -20.20515475    -7.92906298     3.16196516
 C   -20.67662404    -8.12527449     1.84003617
 C   -19.68631708    -7.58752667     1.02017538
 C   -14.93148910    -6.66706423     2.44642546
 F   -18.11545293    -8.25751646     5.27118976
 C   -15.55010370    -6.74644229     4.60660779
 C   -14.42967540    -6.60280565     3.73105627
 F   -18.59783004    -6.01544856     5.11188535
 C   -16.94584118    -7.04046860     0.09553499
 C   -17.43667500    -6.13571584    -0.87775754
 H   -18.15400254    -5.41836491    -0.62809669
 C   -17.04863150    -6.21665336    -2.20154516
 H   -17.49232249    -5.36741098    -2.78425927
 C   -16.11698455    -7.17554033    -2.62434669
 H   -15.70158969    -7.24439213    -3.60291415
 C   -15.61486345    -8.05559203    -1.64693548
 H   -14.99619217    -8.84742898    -1.98400397
 C   -15.95968855    -7.97494231    -0.30559192
 H   -15.43945206    -8.55126121     0.45289591
 H   -20.60765487    -8.29655799     4.10645236
 H   -21.61086239    -8.56031327     1.56405425
 H   -19.73739188    -7.58782960    -0.05827681
 H   -14.23672147    -6.65205873     1.57723170
 H   -15.71987765    -6.61588618     5.70205352
 H   -13.40448813    -6.59767951     4.10544238
----
0 1
 N    13.85992865     7.72662720     8.13442735
 C    12.73709811     6.95383765     7.79368986
 C    12.77658011     6.01849475     6.75906000
 B    15.31554061     7.62616327     7.57525877
 N    15.19365150     6.47207943     6.44031214
 C    13.99366677     5.80021247     6.11056864
 C    16.11448402     5.99653739     5.57357589
 C    15.59041745     5.04105651     4.70905969
 C    14.22885413     4.91819903     4.98648044
 C    11.65656033     7.35772982     8.62495490
 F    15.77341281     8.80764165     6.99375319
 C    13.42814954     8.61182719     9.05859940
 C    12.11539273     8.34021008     9.49005055
 F    16.17315208     7.14700833     8.58517825
 C    11.55452188     5.29427252     6.30122303
 C    11.50905533     3.88864090     6.42314021
 H    12.41702929     3.39542638     6.76324981
 C    10.31252653     3.16951045     6.07919209
 H    10.24465134     2.15596237     6.31301844
 C     9.21466922     3.87073627     5.61524157
 H     8.36686122     3.31027101     5.37344220
 C     9.30150317     5.25447008     5.45168437
 H     8.47204877     5.84696954     5.03377058
 C    10.45311279     5.99627792     5.81651171
 H    10.53336680     7.08153094     5.67075209
 H    17.16760694     6.32719956     5.59219545
 H    16.15632415     4.51371674     3.98939704
 H    13.44426486     4.34819147     4.48650109
 H    10.70641660     6.84234487     8.60592342
 H    14.19760018     9.34269659     9.38696344
 H    11.59400649     8.77659929    10.32817882
----
0 1
 N     2.49086723    -9.56102172   -18.57601355
 C     3.17401572   -10.62257075   -17.78307008
 C     3.13812881   -10.54486972   -16.38048800
 B     1.59502394    -8.42150959   -17.95807226
 N     1.65361204    -8.66038427   -16.37753378
 C     2.46504622    -9.59686702   -15.68370947
 C     0.84140650    -8.03540824   -15.50024530
 C     1.08876696    -8.54981142   -14.22208450
 C     2.08955973    -9.47838448   -14.29366216
 C     3.69168036   -11.55213750   -18.69726281
 F     2.11457391    -7.17398279   -18.24249918
 C     2.71184804    -9.91363427   -19.85814144
 C     3.45356551   -11.10905714   -19.99761440
 F     0.29499680    -8.52553656   -18.39864397
 C     3.92166915   -11.63406508   -15.70225788
 C     3.21480207   -12.60119424   -14.97870810
 H     2.10865284   -12.61420482   -14.89715915
 C     3.95753933   -13.61492931   -14.40333654
 H     3.38245692   -14.28814228   -13.73686521
 C     5.39252379   -13.61043589   -14.46905610
 H     6.03524295   -14.39387302   -14.02039842
 C     6.02739385   -12.63564050   -15.27305992
 H     7.10914512   -12.51683432   -15.30674788
 C     5.31596759   -11.65219156   -15.91247279
 H     5.87358751   -10.92560869   -16.52525556
 H     0.06236008    -7.39194847   -15.83111475
 H     0.60307487    -8.23373667   -13.26022255
 H     2.51951963   -10.15710872   -13.48803251
 H     4.10490183   -12.45458647   -18.35421482
 H     2.33037775    -9.24814575   -20.59939241
 H     3.74847780   -11.64661042   -20.88326500
----
0 1
 N   -18.71026051     8.02053263    -4.56963014
 C   -17.87958720     7.56550428    -3.58110717
 C   -16.55050728     7.14375322    -3.84992201
 B   -18.33864147     8.25422686    -6.10455534
 N   -16.80448602     7.90510474    -6.13403315
 C   -15.99434675     7.43962557    -5.08239373
 C   -16.04244577     8.08490652    -7.20902250
 C   -14.76977256     7.54874615    -6.99890975
 C   -14.69964509     7.17348145    -5.63167823
 C   -18.62951964     7.62270243    -2.40919769
 F   -18.98663502     7.46751908    -7.06251085
 C   -19.90388235     8.34583367    -4.05029065
 C   -19.86400251     8.15553832    -2.62516808
 F   -18.55672348     9.59523467    -6.39509566
 C   -15.70016369     6.72923972    -2.72529050
 C   -14.51991997     7.40647652    -2.45853764
 H   -14.28024799     8.31333428    -3.06485851
 C   -13.73451789     7.05277214    -1.40632698
 H   -12.83170279     7.61122326    -1.16467691
 C   -14.11867941     5.99443310    -0.58653656
 H   -13.35568222     5.57836336     0.18493740
 C   -15.34981921     5.32078171    -0.84803436
 H   -15.54001954     4.34950148    -0.30506103
 C   -16.07431993     5.63889667    -1.98037364
 H   -16.95865429     5.07145487    -2.13768632
 H   -16.51023745     8.48741993    -8.13583428
 H   -13.97221652     7.61470825    -7.67373981
 H   -13.81127541     6.75652686    -5.12195195
 H   -18.29318715     7.36099271    -1.41270050
 H   -20.69760508     8.70383663    -4.68594831
 H   -20.54697478     8.47928323    -1.82697973
$end

$rem
method               pbe0
basis                3-21g
thresh               14
sym_ignore           1
cis_n_roots          40
rpa                  1
cis_triplets         0
mem_total            30000
$end

$polariton
cavity_mode  0.005 0.0 0.0
cavity_freq  0.130
cavity_model jc
rpa          1
solver_algorithm    davidson_qr
solver_conv_prop    energy
solver_conv_thresh  10
nstates             61
target_states       any
level_shift         0.01
resonance_state     1
$end
