$molecule
0 1
----
0 1
 N    18.54766455    -6.35830409   -18.16241050
 C    17.87893560    -6.42689360   -19.41504316
 C    17.86693197    -7.58528485   -20.17425879
 B    19.15194771    -7.64668520   -17.41368560
 N    18.93353798    -8.80213418   -18.38340231
 C    18.37718031    -8.73961259   -19.65024367
 C    18.97792045   -10.11862476   -18.09833046
 C    18.54708000   -10.91779252   -19.19994993
 C    18.22967564   -10.04306946   -20.19290933
 C    17.39197228    -5.12324479   -19.65193348
 F    20.50284788    -7.46812855   -17.07381423
 C    18.45245036    -5.09844026   -17.69444149
 C    17.78545737    -4.28261061   -18.60825272
 F    18.33623764    -7.94990725   -16.30957443
 C    17.13005617    -7.53252643   -21.50719597
 C    16.07729195    -8.41842954   -21.70180621
 H    15.83966337    -9.06203074   -20.85910531
 C    15.36530280    -8.39315371   -22.91192851
 H    14.55410862    -9.08629023   -23.04309608
 C    15.76183235    -7.51885692   -23.87879432
 H    15.26183217    -7.49447927   -24.87794771
 C    16.89312698    -6.69864181   -23.75456316
 H    17.30947102    -6.15634262   -24.60288413
 C    17.52294144    -6.64988617   -22.51806684
 H    18.38557295    -6.01798976   -22.29942620
 H    19.37452303   -10.38048986   -17.13113636
 H    18.57147494   -12.00571044   -19.30780766
 H    17.85810485   -10.18079704   -21.17746659
 H    16.91025872    -4.80786934   -20.62744145
 H    18.88379542    -4.85395214   -16.80165095
 H    17.61047978    -3.22456399   -18.52766362
----
0 1
 N   -25.17436298    18.51680193    17.61267390
 C   -24.42870227    19.14630211    18.60344037
 C   -24.92445135    20.28285272    19.20964742
 B   -26.50387204    19.03853399    16.94249494
 N   -26.77323560    20.33778573    17.68665150
 C   -26.07156137    20.87635598    18.70821208
 C   -27.87602295    21.08214708    17.35998440
 C   -27.86238955    22.24586480    18.20066282
 C   -26.80899624    22.05154212    19.09019903
 C   -23.27401152    18.36911476    18.91911002
 F   -26.41658075    19.36976035    15.62338174
 C   -24.52152068    17.36936362    17.32451573
 C   -23.30947297    17.25943770    18.02155437
 F   -27.41939742    18.01409105    17.10979235
 C   -24.31195479    20.79307988    20.46087463
 C   -25.11855119    20.85206438    21.63257695
 H   -26.16881859    20.57556034    21.61434423
 C   -24.57286102    21.24832122    22.86025646
 H   -25.12693783    21.18418662    23.71383369
 C   -23.22212083    21.63836290    22.87645740
 H   -22.73999058    21.95348762    23.81048814
 C   -22.43140121    21.66313789    21.69117999
 H   -21.36628647    21.91787210    21.74296612
 C   -22.97185304    21.21649231    20.49685324
 H   -22.27243825    21.14181818    19.65567612
 H   -28.55286057    20.73500945    16.58291401
 H   -28.63689516    22.99702692    18.25876685
 H   -26.43562894    22.71478269    19.77999310
 H   -22.57902026    18.67961933    19.70784377
 H   -24.79546962    16.66548986    16.55713453
 H   -22.58257792    16.45468452    17.95557444
----
0 1
 N    25.47777267   -17.44188510   -16.54405811
 C    25.06126426   -18.03244334   -17.74945674
 C    25.21308838   -19.36322995   -17.97352817
 B    26.01304052   -18.18642625   -15.24437899
 N    25.95328711   -19.67477285   -15.66691648
 C    25.72080477   -20.16242446   -16.94276276
 C    26.16578812   -20.71621111   -14.82947124
 C    25.99171860   -21.93110471   -15.54552117
 C    25.80061869   -21.59047548   -16.87363860
 C    24.53767932   -17.01693242   -18.62842000
 F    27.25452587   -17.72393447   -14.90258692
 C    25.33886629   -16.12787458   -16.70263671
 C    24.76012126   -15.82476743   -17.98449855
 F    25.02918510   -17.96023060   -14.27370849
 C    24.82230105   -20.07661697   -19.22854672
 C    23.82177135   -21.02177587   -19.24068578
 H    23.24958857   -21.27426021   -18.33388878
 C    23.43799432   -21.67639912   -20.41420819
 H    22.65835352   -22.44123359   -20.40561106
 C    24.10604896   -21.42611802   -21.61450762
 H    23.79770267   -22.03229599   -22.44154948
 C    25.06863306   -20.42577564   -21.64078761
 H    25.68161287   -20.25191259   -22.49697069
 C    25.46151812   -19.73010692   -20.45800331
 H    26.25814800   -18.98784280   -20.56305226
 H    26.21377451   -20.59393928   -13.79354284
 H    25.87708018   -22.95340730   -15.10704001
 H    25.53015740   -22.11754181   -17.82416163
 H    24.16016343   -17.17060253   -19.65311867
 H    25.68097498   -15.43171328   -15.90751422
 H    24.45922436   -14.82503252   -18.33209181
----
0 1
 N    -8.51712692    12.42216551    -1.28897949
 C    -8.18207274    13.78371457    -1.51702102
 C    -7.94885533    14.66812926    -0.45537115
 B    -8.49065632    11.61976979     0.08324683
 N    -8.20693053    12.73657113     1.12772708
 C    -8.01349517    14.12086703     0.84435059
 C    -8.09995799    12.57745705     2.44437673
 C    -7.81302662    13.81016443     3.11222075
 C    -7.80717471    14.78801359     2.06226248
 C    -8.20320010    13.94137057    -2.95278470
 F    -9.73124422    10.98572023     0.33640768
 C    -8.88128391    11.86014487    -2.45076177
 C    -8.75638626    12.79573771    -3.51815715
 F    -7.46850931    10.64698335     0.11698416
 C    -7.67664599    16.10216132    -0.67220345
 C    -6.52351266    16.72534866    -0.16587000
 H    -5.91447705    16.04868209     0.45885731
 C    -6.41607252    18.14308153    -0.29592912
 H    -5.52553078    18.56155187     0.17570968
 C    -7.37005873    18.88365488    -1.01203268
 H    -7.18472536    19.95244104    -1.06722545
 C    -8.52119214    18.24433215    -1.53593738
 H    -9.36368061    18.74286370    -2.10617148
 C    -8.61672175    16.82741132    -1.46796934
 H    -9.48680226    16.31347571    -1.88141099
 H    -8.19018340    11.53006498     2.78425249
 H    -7.51181675    13.90722423     4.15810912
 H    -7.76169852    15.88297803     2.18322731
 H    -8.13047653    14.83309620    -3.54129595
 H    -9.15994901    10.85572122    -2.53844938
 H    -8.89498843    12.53656435    -4.53457083
----
0 1
 N   -20.17431373   -13.37638689     4.34081071
 C   -21.56747241   -13.58561620     4.22078607
 C   -22.27160471   -13.41266091     3.07195747
 B   -19.18701343   -12.94774906     3.14718350
 N   -20.15758719   -12.83723145     1.87039584
 C   -21.51913067   -12.96863212     1.94907556
 C   -19.78669041   -12.49496149     0.59636621
 C   -20.93568298   -12.36350801    -0.18248390
 C   -22.04304229   -12.67157504     0.59823487
 C   -22.04897002   -14.07010500     5.42230574
 F   -18.63432046   -11.73984883     3.47630412
 C   -19.81641793   -13.73199823     5.60100007
 C   -20.94821486   -14.19373990     6.32430547
 F   -18.25136759   -13.94619813     2.87694152
 C   -23.76460689   -13.64070190     3.07705577
 C   -24.28195540   -14.52365691     2.10652649
 H   -23.59951035   -15.06081627     1.45434507
 C   -25.64178087   -14.70116209     2.08992693
 H   -26.09756725   -15.41655168     1.42576651
 C   -26.52625558   -14.08093484     3.01032333
 H   -27.59490337   -14.32299571     2.91175945
 C   -25.95880834   -13.16330756     3.95910441
 H   -26.63637656   -12.70560546     4.70214115
 C   -24.58780207   -12.96909725     3.97920696
 H   -24.19585734   -12.30960135     4.73314899
 H   -18.75753797   -12.40904431     0.43665839
 H   -21.00597904   -12.16554514    -1.19996302
 H   -23.11101904   -12.74788541     0.33588216
 H   -23.08430857   -14.33305107     5.62018492
 H   -18.78506678   -13.68240894     5.86764148
 H   -20.88895288   -14.48871293     7.34773990
----
0 1
 N   -19.18093514    15.59788741    -3.46044560
 C   -19.01210989    15.73199743    -4.85363853
 C   -17.99804492    16.52980370    -5.39072624
 B   -18.11447906    16.14209788    -2.45174358
 N   -17.03261199    16.87157440    -3.17726565
 C   -17.04993686    17.13659479    -4.53471448
 C   -16.09827024    17.65411234    -2.58765760
 C   -15.49423793    18.43384055    -3.56239804
 C   -16.05601480    18.12565987    -4.78267369
 C   -20.02405586    15.06526376    -5.54463478
 F   -18.81045732    17.00799601    -1.57320012
 C   -20.25116669    14.80192771    -3.27583676
 C   -20.83287407    14.47827328    -4.55951042
 F   -17.54065122    15.02254576    -1.70429893
 C   -17.99350713    16.83513986    -6.85750732
 C   -16.93225657    16.50973210    -7.65782228
 H   -16.02108272    16.03536741    -7.27700564
 C   -16.91054042    16.84585249    -9.02657300
 H   -15.99278469    16.61373613    -9.57743314
 C   -18.03155993    17.43600493    -9.59903074
 H   -17.99517736    17.79395456   -10.66836299
 C   -19.13630897    17.68645585    -8.84705266
 H   -19.96403433    18.18366526    -9.28953413
 C   -19.09369235    17.43970347    -7.46135926
 H   -19.89173241    17.73870525    -6.79931027
 H   -15.87095742    17.56139378    -1.49968702
 H   -14.67077132    19.17942206    -3.30458337
 H   -15.79226139    18.53448020    -5.76746415
 H   -20.11845887    15.09230779    -6.59313091
 H   -20.67807560    14.66009859    -2.29102719
 H   -21.72484774    13.95079498    -4.81392726
----
0 1
 N    -5.23342660    22.08543987    15.89460487
 C    -6.00673449    22.69300280    16.88506125
 C    -5.45306345    23.62394647    17.74481975
 B    -3.76708213    22.36839805    15.56998998
 N    -3.27103045    23.36662310    16.65588460
 C    -4.12515772    23.97524229    17.57148837
 C    -2.02516025    23.82469298    16.82481086
 C    -2.02680838    24.74030577    17.96498407
 C    -3.32563333    24.79816609    18.38251376
 C    -7.28144091    22.10513661    16.87539576
 F    -3.06372559    21.12995785    15.54149784
 C    -5.93487849    21.07365707    15.34537905
 C    -7.18968399    21.03554664    15.93342463
 F    -3.66598641    22.97285637    14.33532591
 C    -6.23707962    24.09722847    18.92103619
 C    -6.35007386    25.44769587    19.20428927
 H    -5.97309927    26.18231212    18.48386524
 C    -6.77289952    25.85842444    20.44527643
 H    -6.65458064    26.89798423    20.63709507
 C    -7.18879313    24.95664807    21.40652329
 H    -7.47595657    25.29279446    22.39932621
 C    -7.23765276    23.58483751    21.06462721
 H    -7.59009512    22.89834120    21.80956713
 C    -6.70407923    23.11787041    19.88037377
 H    -6.77294480    22.07491725    19.67571253
 H    -1.18914757    23.43121462    16.32901085
 H    -1.10741186    25.19012325    18.34910591
 H    -3.65657128    25.39555992    19.23140265
 H    -8.05208280    22.54508889    17.48111330
 H    -5.57813226    20.45413244    14.50255512
 H    -8.06728087    20.48965908    15.55335597
----
0 1
 N   -18.71026051     8.02053263    -4.56963014
 C   -17.87958720     7.56550428    -3.58110717
 C   -16.55050728     7.14375322    -3.84992201
 B   -18.33864147     8.25422686    -6.10455534
 N   -16.80448602     7.90510474    -6.13403315
 C   -15.99434675     7.43962557    -5.08239373
 C   -16.04244577     8.08490652    -7.20902250
 C   -14.76977256     7.54874615    -6.99890975
 C   -14.69964509     7.17348145    -5.63167823
 C   -18.62951964     7.62270243    -2.40919769
 F   -18.98663502     7.46751908    -7.06251085
 C   -19.90388235     8.34583367    -4.05029065
 C   -19.86400251     8.15553832    -2.62516808
 F   -18.55672348     9.59523467    -6.39509566
 C   -15.70016369     6.72923972    -2.72529050
 C   -14.51991997     7.40647652    -2.45853764
 H   -14.28024799     8.31333428    -3.06485851
 C   -13.73451789     7.05277214    -1.40632698
 H   -12.83170279     7.61122326    -1.16467691
 C   -14.11867941     5.99443310    -0.58653656
 H   -13.35568222     5.57836336     0.18493740
 C   -15.34981921     5.32078171    -0.84803436
 H   -15.54001954     4.34950148    -0.30506103
 C   -16.07431993     5.63889667    -1.98037364
 H   -16.95865429     5.07145487    -2.13768632
 H   -16.51023745     8.48741993    -8.13583428
 H   -13.97221652     7.61470825    -7.67373981
 H   -13.81127541     6.75652686    -5.12195195
 H   -18.29318715     7.36099271    -1.41270050
 H   -20.69760508     8.70383663    -4.68594831
 H   -20.54697478     8.47928323    -1.82697973
----
0 1
 N     4.09847674   -18.88991027    19.22207547
 C     4.24596891   -19.52176822    20.46271641
 C     4.59790145   -18.75410306    21.59457884
 B     4.20316958   -17.41234949    18.89721805
 N     4.50194105   -16.66639256    20.26681199
 C     4.62463366   -17.34302353    21.50578110
 C     4.70591293   -15.36198582    20.54073481
 C     4.93399693   -15.13879654    21.90172344
 C     4.88078479   -16.35923601    22.52956997
 C     4.27471719   -20.92642548    20.20161292
 F     5.25206968   -17.18159271    17.97574026
 C     3.89860520   -19.86301468    18.28681814
 C     4.05471977   -21.15040761    18.85979822
 F     2.91776111   -16.90563696    18.42416844
 C     4.85294007   -19.38550255    22.92878998
 C     4.08667019   -18.97247522    23.99915305
 H     3.30079092   -18.26644828    23.77943561
 C     4.34115540   -19.44801291    25.28220827
 H     3.74473591   -19.13393155    26.13235608
 C     5.38235109   -20.39887934    25.46788827
 H     5.59496634   -20.75784897    26.49984731
 C     6.03830339   -20.93183585    24.35212088
 H     6.73970157   -21.73023961    24.54577850
 C     5.82383264   -20.43774641    23.06743817
 H     6.26159118   -20.79010659    22.12802120
 H     4.67709468   -14.64084411    19.72068560
 H     5.07943949   -14.12906663    22.33929644
 H     5.02380763   -16.58339039    23.59463293
 H     4.45348322   -21.58316913    21.00682841
 H     3.81005122   -19.64730801    17.23401253
 H     3.89639527   -22.09372931    18.28268903
----
0 1
 N   -21.85516621   -20.41243877   -10.02660280
 C   -22.83784486   -21.04800103    -9.20377877
 C   -22.68081713   -21.08819122    -7.82905185
 B   -20.57032334   -19.68656046    -9.56060802
 N   -20.56121766   -19.87751856    -7.91817509
 C   -21.63981309   -20.50380041    -7.16809834
 C   -19.69687366   -19.36767682    -7.02443598
 C   -20.09642099   -19.65254708    -5.69387632
 C   -21.28300384   -20.37396252    -5.80143919
 C   -23.82265824   -21.63126601   -10.02616626
 F   -19.41564249   -20.30550630   -10.10937076
 C   -22.22520822   -20.61993648   -11.29988060
 C   -23.43302791   -21.35729387   -11.33673705
 F   -20.63236901   -18.38512175    -9.90581976
 C   -23.71609856   -21.79688982    -6.97404196
 C   -24.32051754   -21.19928626    -5.88738937
 H   -24.02401578   -20.15962297    -5.64645265
 C   -25.25796327   -21.93097429    -5.13662375
 H   -25.70982982   -21.51661865    -4.18395361
 C   -25.62722825   -23.22421338    -5.56013404
 H   -26.25296132   -23.80972384    -4.91416363
 C   -25.12783004   -23.80070839    -6.69263315
 H   -25.43519300   -24.80053112    -6.97813420
 C   -24.14565798   -23.11432495    -7.38914688
 H   -23.69280243   -23.56832207    -8.26573983
 H   -18.83390120   -18.82623298    -7.36134777
 H   -19.46393939   -19.37706525    -4.83021871
 H   -21.81781617   -20.65855691    -4.90669634
 H   -24.71558988   -22.18640536    -9.69605003
 H   -21.66727236   -20.16247403   -12.15575847
 H   -23.96449786   -21.61518728   -12.24109823
----
0 1
 N    20.64378495    20.70305298   -24.74932117
 C    21.34026936    21.33515125   -23.75983032
 C    21.67653829    22.67631883   -23.83795584
 B    20.10191998    21.35676861   -26.06357031
 N    20.43486956    22.85903564   -25.95297957
 C    21.29816158    23.38965812   -24.98373816
 C    20.15448796    23.80626306   -26.83091209
 C    20.81102527    24.99299928   -26.49507821
 C    21.57158676    24.71470580   -25.34297250
 C    21.66738511    20.34567874   -22.73874389
 F    20.71302843    20.81059036   -27.20603385
 C    20.46136065    19.43229957   -24.41751625
 C    21.14863162    19.11417921   -23.22587386
 F    18.73653098    21.21362129   -26.15985727
 C    22.46777831    23.35485005   -22.74840507
 C    22.01902007    24.52017711   -22.07555751
 H    21.06787967    24.96774972   -22.36890476
 C    22.78203080    25.04877295   -21.02529924
 H    22.37699951    25.87107905   -20.40996577
 C    23.98352030    24.38908430   -20.61102304
 H    24.49773860    24.81762392   -19.74138856
 C    24.39916702    23.28453103   -21.32199900
 H    25.28588882    22.76969923   -21.02610458
 C    23.69692505    22.76403791   -22.40852471
 H    24.03516517    21.88112388   -22.90376097
 H    19.50625706    23.65383761   -27.68125852
 H    20.72774657    25.86245659   -27.12543607
 H    22.29119543    25.41160123   -24.77065818
 H    22.34544314    20.42381866   -21.96109284
 H    19.92764180    18.79737411   -25.14169354
 H    21.17693061    18.14392192   -22.74315447
----
0 1
 N   -16.54282211   -24.88629472     0.35645509
 C   -16.31608243   -25.07196503    -1.01125224
 C   -16.81055657   -26.17259957    -1.69113246
 B   -17.67112477   -25.54322128     1.19522871
 N   -18.12401475   -26.77817059     0.27202211
 C   -17.72822181   -27.03541583    -1.03205377
 C   -18.83300151   -27.84860769     0.70846710
 C   -18.96939001   -28.76483880    -0.28994891
 C   -18.28648819   -28.25152103    -1.44397951
 C   -15.34026662   -24.08465366    -1.43841376
 F   -17.24758914   -25.95681721     2.46294716
 C   -15.84208888   -23.82378384     0.72571416
 C   -15.08568311   -23.29559531    -0.36552921
 F   -18.71233801   -24.59383452     1.27870485
 C   -16.29335455   -26.56551231    -2.99739457
 C   -17.11108398   -26.93921939    -4.03096747
 H   -18.18696054   -26.88329001    -3.95951691
 C   -16.59706273   -27.28859611    -5.28528574
 H   -17.27701765   -27.55898243    -6.10634074
 C   -15.19430337   -27.27627600    -5.46968271
 H   -14.85962991   -27.41099638    -6.50718496
 C   -14.32341638   -26.91236717    -4.44126906
 H   -13.26103062   -26.85618386    -4.66912490
 C   -14.87133146   -26.56864158    -3.22187721
 H   -14.20314224   -26.27044923    -2.41526798
 H   -19.15033146   -27.80724889     1.82958060
 H   -19.56819490   -29.71119131    -0.27743922
 H   -18.17377821   -28.68960417    -2.41633311
 H   -15.01294007   -23.92225636    -2.42925772
 H   -15.90102485   -23.47311539     1.74440439
 H   -14.65544048   -22.29970697    -0.32080634
----
0 1
 N   -25.14524994    -8.89664285    -9.12587973
 C   -24.91883473    -8.91093365    -7.74471403
 C   -23.62624830    -9.06375520    -7.21659474
 B   -24.12205579    -9.22985248   -10.23240255
 N   -22.80737169    -9.57865555    -9.47579337
 C   -22.58823148    -9.39616140    -8.10930007
 C   -21.64199032   -10.00980921    -9.97693861
 C   -20.68137857   -10.13986118    -8.98312759
 C   -21.26362864    -9.80382142    -7.79745640
 C   -26.20503552    -8.69506280    -7.10363968
 F   -24.55709043   -10.34714440   -10.98415696
 C   -26.48559531    -8.80305140    -9.32561494
 C   -27.16483600    -8.70466970    -8.03815068
 F   -24.09183558    -8.17468421   -11.19707231
 C   -23.38284207    -8.94273752    -5.76581257
 C   -22.35643253    -8.15254096    -5.31110315
 H   -21.65723906    -7.70815977    -6.03461133
 C   -22.04736607    -8.03555200    -3.95203884
 H   -21.14627223    -7.44962922    -3.65482216
 C   -22.78307031    -8.80871741    -3.03905911
 H   -22.61770702    -8.78584449    -1.97056783
 C   -23.79895412    -9.61507825    -3.47607506
 H   -24.33531320   -10.14387397    -2.71118848
 C   -24.15369943    -9.69585973    -4.82768683
 H   -24.91600424   -10.40370806    -5.19257895
 H   -21.54474167   -10.21274762   -11.02882709
 H   -19.66260538   -10.46111061    -9.13351694
 H   -20.92086505    -9.74984598    -6.74311984
 H   -26.33393051    -8.54934386    -6.06915627
 H   -26.79489265    -8.87084821   -10.34054984
 H   -28.22032995    -8.48460554    -7.92416958
----
0 1
 N    -6.59917066    12.87974788    16.62583330
 C    -5.83565386    13.87642192    16.07665875
 C    -6.18708031    14.41701834    14.85431370
 B    -7.80575336    12.09819985    16.01114478
 N    -8.04104152    12.82453649    14.65938165
 C    -7.26004456    13.81618356    14.16476687
 C    -8.96445951    12.46543444    13.69075687
 C    -8.82821025    13.31418855    12.57553440
 C    -7.73700648    14.15401486    12.83799882
 C    -4.85186015    14.32161644    17.01076447
 F    -7.52843281    10.73717517    15.76512805
 C    -6.12445153    12.68280280    17.93028463
 C    -4.99386218    13.52357387    18.14604510
 F    -8.92892150    12.22758973    16.86615423
 C    -5.42061163    15.56325371    14.29946298
 C    -6.07487460    16.75049586    13.94083149
 H    -7.15714870    16.82271757    14.11094821
 C    -5.31325904    17.80808735    13.53772026
 H    -5.81398867    18.79497511    13.22808240
 C    -3.90112564    17.77899558    13.47328650
 H    -3.34765133    18.70075172    13.29773822
 C    -3.29185769    16.59972958    13.90027990
 H    -2.24385558    16.44716305    13.75071372
 C    -4.05460709    15.47616234    14.25229560
 H    -3.49588400    14.56712127    14.51799673
 H    -9.60649118    11.62376652    13.96182434
 H    -9.42796623    13.31155469    11.74496400
 H    -7.30870691    14.85863493    12.21479653
 H    -4.14182148    15.14791950    16.85950448
 H    -6.56355232    12.00476667    18.64235682
 H    -4.45123299    13.43294317    19.07441152
----
0 1
 N    15.28033718   -22.00000263    -4.76284164
 C    15.26663689   -21.70305347    -6.13550379
 C    16.04903291   -22.40353081    -7.11556154
 B    16.23362505   -23.06338885    -4.11401329
 N    16.99940705   -23.80054842    -5.27302125
 C    16.91398309   -23.43471060    -6.64632733
 C    17.98925266   -24.68241561    -5.13533106
 C    18.59314733   -24.96486718    -6.34972010
 C    17.92022245   -24.16859555    -7.28088906
 C    14.37638701   -20.62903701    -6.29971846
 F    17.23329295   -22.45095863    -3.32250042
 C    14.41561196   -21.20900894    -4.12364129
 C    13.82826198   -20.33153374    -5.05788661
 F    15.51247735   -23.95794942    -3.28829431
 C    15.95190431   -22.17917075    -8.54067303
 C    15.72015314   -23.22155853    -9.49217409
 H    15.70675149   -24.27557578    -9.09339095
 C    15.45116628   -22.83389504   -10.78862595
 H    15.05038226   -23.53810115   -11.53125704
 C    15.56488157   -21.50062272   -11.23446216
 H    15.26389438   -21.21746682   -12.26646135
 C    15.91368550   -20.52062577   -10.33457817
 H    16.12782130   -19.53490726   -10.63327004
 C    16.08247882   -20.88024843    -8.96665194
 H    16.32507159   -20.09958304    -8.20395801
 H    18.23787873   -25.10528025    -4.24640800
 H    19.45792859   -25.49304003    -6.50224746
 H    18.09025619   -24.10747780    -8.35287708
 H    14.10964357   -20.28623292    -7.31006452
 H    14.25512006   -21.39053634    -3.00311568
 H    13.16317105   -19.56944550    -4.83987393
----
0 1
 N     5.43238751   -24.84490207    -0.29581665
 C     4.20238572   -24.23472023    -0.65140392
 C     4.18859989   -23.18253013    -1.56675858
 B     6.87065470   -24.46940143    -0.71498074
 N     6.62609996   -23.25024463    -1.75591648
 C     5.40409931   -22.65185845    -2.04711489
 C     7.59945559   -22.49369901    -2.25593236
 C     7.06880652   -21.37848618    -2.89339557
 C     5.66335499   -21.44219165    -2.80547036
 C     3.13369034   -24.84075827     0.01293248
 F     7.51850764   -24.07916582     0.42501379
 C     5.07544523   -25.74890654     0.67121720
 C     3.65685186   -25.80615437     0.86788811
 F     7.55071671   -25.47693437    -1.40143521
 C     2.93621527   -22.51663247    -1.96650371
 C     2.73698112   -22.19688994    -3.30475168
 H     3.28405084   -22.76547719    -4.05805892
 C     1.67321606   -21.32093327    -3.64637386
 H     1.43004518   -21.19481340    -4.69673986
 C     0.89734580   -20.73176320    -2.66128543
 H     0.04376066   -20.09784418    -2.91283192
 C     1.06439317   -21.08975161    -1.29918185
 H     0.35846631   -20.81421673    -0.52987387
 C     2.15864807   -21.91867059    -0.92888769
 H     2.36580234   -22.14641170     0.08627026
 H     8.71954804   -22.65318761    -2.15586685
 H     7.65036239   -20.56919927    -3.39375089
 H     4.88435261   -20.85575459    -3.29299180
 H     2.02314626   -24.64098855    -0.15807289
 H     5.84343371   -26.38417989     1.01643268
 H     3.14876574   -26.49757317     1.50496835
----
0 1
 N   -16.63183507    11.67297257   -22.78966445
 C   -17.88074436    12.02565728   -23.36723559
 C   -19.05150826    12.21345209   -22.59532514
 B   -16.36380769    11.29771444   -21.31204658
 N   -17.79265094    11.57860222   -20.58217849
 C   -18.97556467    12.05912713   -21.23173638
 C   -18.05939055    11.44241681   -19.30357836
 C   -19.44713627    11.76613495   -19.07807146
 C   -20.00417135    12.17632341   -20.27819320
 C   -17.61144060    12.20330084   -24.76143247
 F   -16.04387436     9.93201055   -21.14007082
 C   -15.67284917    11.69127418   -23.71463176
 C   -16.22595316    11.96247546   -24.98291997
 F   -15.35772158    12.09408616   -20.73492533
 C   -20.30510703    12.61924252   -23.32405436
 C   -21.13681192    13.63706620   -22.90638802
 H   -20.88560435    14.27127654   -22.09340866
 C   -22.32689649    13.91282651   -23.57984026
 H   -22.94262952    14.77275613   -23.27946162
 C   -22.80112764    13.05817718   -24.58159217
 H   -23.77834286    13.25550544   -25.06747300
 C   -21.97477362    12.02970644   -25.02798033
 H   -22.33691383    11.46032368   -25.83828908
 C   -20.75488081    11.74534475   -24.36535836
 H   -20.15853592    10.87366185   -24.54435429
 H   -17.28944285    11.11869861   -18.55044395
 H   -19.86570092    11.84456333   -18.06786414
 H   -20.99438980    12.55455180   -20.44088446
 H   -18.32144829    12.57578199   -25.42454790
 H   -14.66268390    11.57580621   -23.32823644
 H   -15.82433191    12.00683519   -25.93314629
----
0 1
 N    -7.40829521   -11.25057174     2.73743162
 C    -7.23761441   -12.15788033     3.74401240
 C    -7.03966070   -13.49569870     3.60564104
 B    -7.60276671   -11.58512403     1.18112426
 N    -7.30725748   -13.14687660     1.17164043
 C    -7.02251016   -14.02089378     2.29768925
 C    -7.44242750   -13.94637580     0.07405463
 C    -7.20957393   -15.28155348     0.41514480
 C    -6.96952305   -15.29863179     1.82158944
 C    -7.07058558   -11.49452823     5.01348658
 F    -8.88073457   -11.13747567     0.84807993
 C    -7.29096496   -10.01074130     3.34076338
 C    -7.05232232   -10.12907420     4.72792492
 F    -6.66134807   -10.96787035     0.37792526
 C    -6.90681092   -14.39753925     4.80833196
 C    -5.82254598   -15.29931112     4.93144316
 H    -5.12570913   -15.43621543     4.13678234
 C    -5.82520911   -16.10233495     6.08370946
 H    -5.02163983   -16.81025996     6.15560367
 C    -6.79100458   -16.00327418     7.07594551
 H    -6.64594096   -16.70716011     7.90945461
 C    -7.81002314   -15.04791266     6.98924942
 H    -8.60352358   -14.92370735     7.68690117
 C    -7.94353172   -14.31941712     5.77291172
 H    -8.83540632   -13.76870689     5.64271586
 H    -7.68175893   -13.50248774    -0.85400535
 H    -7.32447990   -16.16072405    -0.23851368
 H    -6.63354033   -16.08567728     2.47588901
 H    -6.78801265   -12.01696837     5.88385828
 H    -7.29053547    -9.13329250     2.78633002
 H    -6.82794647    -9.43440999     5.41405298
----
0 1
 N     9.02112466   -15.80074475   -23.70949650
 C     9.18960941   -14.40114711   -23.36586338
 C    10.34121449   -13.69320467   -23.82336412
 B     9.76340323   -16.48362158   -24.94818799
 N    10.97835211   -15.51368615   -25.23822116
 C    11.20497963   -14.27984559   -24.67742063
 C    11.96266214   -15.78104752   -26.10100353
 C    12.95190465   -14.68771906   -26.09198366
 C    12.52421424   -13.81016502   -25.15345495
 C     8.05125331   -13.98351958   -22.60059285
 F    10.30743609   -17.68870140   -24.51338369
 C     7.85745462   -16.21085000   -23.07830347
 C     7.23652896   -15.10286087   -22.47238761
 F     8.90766874   -16.43270064   -26.02937124
 C    10.62070948   -12.36265214   -23.19188890
 C    10.78252884   -11.19924195   -23.97022498
 H    10.80679914   -11.35415729   -25.05940101
 C    11.03109665    -9.94519473   -23.40350597
 H    11.05099257    -9.04565309   -24.00180279
 C    11.13490421    -9.86331249   -22.00463680
 H    11.34873347    -8.85396425   -21.58280378
 C    10.95946383   -11.01141143   -21.17669054
 H    11.05899225   -10.94090511   -20.08080481
 C    10.72223880   -12.23179399   -21.79641386
 H    10.59044875   -13.14866737   -21.25534515
 H    12.02416052   -16.75625314   -26.51478240
 H    13.90545566   -14.80371247   -26.56510779
 H    12.99903896   -12.92804003   -24.74072522
 H     7.81937606   -13.04468455   -22.22869409
 H     7.61848705   -17.24499489   -22.99946137
 H     6.41887214   -15.20612105   -21.83187461
----
0 1
 N   -26.11067588    16.82799127    24.39518154
 C   -24.99878332    16.29582772    24.97372089
 C   -24.25330900    16.91535487    26.01623839
 B   -26.78219290    18.22068204    24.84480938
 N   -25.87576753    18.69579076    26.06509697
 C   -24.73348595    18.10434185    26.52599739
 C   -25.97535357    19.92111554    26.71506072
 C   -24.82512346    20.11461191    27.49074378
 C   -24.03770530    18.96444516    27.47360565
 C   -24.86575316    14.97598683    24.52631253
 F   -26.66051806    19.14172073    23.79607975
 C   -26.60142072    15.96687109    23.49519577
 C   -25.83572363    14.70930960    23.56123107
 F   -28.13803470    18.13424623    25.27955041
 C   -22.96042326    16.29475636    26.42758975
 C   -22.77745359    15.92377227    27.77324637
 H   -23.63749452    16.13587273    28.42544293
 C   -21.54770167    15.34456441    28.15769644
 H   -21.51057532    14.92313327    29.16557191
 C   -20.56866303    15.07599151    27.23666810
 H   -19.67890922    14.55936941    27.59389847
 C   -20.77049538    15.43063219    25.90784483
 H   -19.91733051    15.34871442    25.15951109
 C   -21.98412883    16.01097390    25.51995127
 H   -22.19848031    16.31067016    24.49544365
 H   -26.77084978    20.60201401    26.39086931
 H   -24.68169026    21.00933386    28.17708513
 H   -23.07334172    18.74615926    27.89546984
 H   -24.15566158    14.28403444    24.83936365
 H   -27.47635431    16.15076553    22.90808394
 H   -25.83725350    13.88147155    22.91241865
----
0 1
 N     2.49086723    -9.56102172   -18.57601355
 C     3.17401572   -10.62257075   -17.78307008
 C     3.13812881   -10.54486972   -16.38048800
 B     1.59502394    -8.42150959   -17.95807226
 N     1.65361204    -8.66038427   -16.37753378
 C     2.46504622    -9.59686702   -15.68370947
 C     0.84140650    -8.03540824   -15.50024530
 C     1.08876696    -8.54981142   -14.22208450
 C     2.08955973    -9.47838448   -14.29366216
 C     3.69168036   -11.55213750   -18.69726281
 F     2.11457391    -7.17398279   -18.24249918
 C     2.71184804    -9.91363427   -19.85814144
 C     3.45356551   -11.10905714   -19.99761440
 F     0.29499680    -8.52553656   -18.39864397
 C     3.92166915   -11.63406508   -15.70225788
 C     3.21480207   -12.60119424   -14.97870810
 H     2.10865284   -12.61420482   -14.89715915
 C     3.95753933   -13.61492931   -14.40333654
 H     3.38245692   -14.28814228   -13.73686521
 C     5.39252379   -13.61043589   -14.46905610
 H     6.03524295   -14.39387302   -14.02039842
 C     6.02739385   -12.63564050   -15.27305992
 H     7.10914512   -12.51683432   -15.30674788
 C     5.31596759   -11.65219156   -15.91247279
 H     5.87358751   -10.92560869   -16.52525556
 H     0.06236008    -7.39194847   -15.83111475
 H     0.60307487    -8.23373667   -13.26022255
 H     2.51951963   -10.15710872   -13.48803251
 H     4.10490183   -12.45458647   -18.35421482
 H     2.33037775    -9.24814575   -20.59939241
 H     3.74847780   -11.64661042   -20.88326500
----
0 1
 N    11.98944103    -7.67332431    -3.58543730
 C    11.76707349    -7.97560828    -2.18805121
 C    11.18166421    -9.23930779    -1.82829269
 B    11.60601880    -8.51360947    -4.82670526
 N    10.97136432    -9.82727195    -4.17827799
 C    10.83449446   -10.13092229    -2.83521098
 C    10.51276104   -10.94702616    -4.83800712
 C    10.18068635   -11.99026360    -3.92921058
 C    10.31319209   -11.41901833    -2.66210389
 C    12.29899717    -6.91435577    -1.40344876
 F    10.67470477    -7.88129995    -5.60979178
 C    12.56039787    -6.46727550    -3.62425111
 C    12.81778297    -5.98114900    -2.34772577
 F    12.72370620    -8.93357443    -5.54598976
 C    11.11029757    -9.58457414    -0.40492566
 C    11.65707114   -10.74305343     0.20380788
 H    12.32784216   -11.28754845    -0.40461436
 C    11.35500437   -11.08535041     1.49704587
 H    11.68786869   -11.98209254     1.97727269
 C    10.56042982   -10.20493646     2.28843049
 H    10.39818927   -10.59120940     3.27688751
 C    10.08938328    -8.98840498     1.79076526
 H     9.49109817    -8.34558744     2.31631086
 C    10.35916222    -8.69321899     0.46965561
 H     9.99746371    -7.78513126    -0.01150893
 H    10.55997133   -10.95762125    -5.95315936
 H     9.90529901   -13.03527621    -4.18328698
 H    10.19620438   -11.82155561    -1.66962924
 H    12.48809164    -6.92121672    -0.35214830
 H    12.84632837    -6.12641703    -4.61151897
 H    13.29595272    -5.05041503    -2.09830634
----
0 1
 N    -2.84249183     6.48188962     1.54449364
 C    -3.08316431     7.48716972     2.50429993
 C    -2.33786815     7.50465071     3.68128105
 B    -1.86748087     5.34047838     1.60313715
 N    -1.11258716     5.55181252     2.93977021
 C    -1.32834206     6.51694635     3.89040419
 C    -0.29137356     4.64411649     3.46900792
 C     0.10107077     5.03092699     4.79661086
 C    -0.53414392     6.22030502     5.06531306
 C    -4.15362389     8.34815442     1.98206165
 F    -2.65934939     4.19526236     1.62861604
 C    -3.55309838     6.80154648     0.45173729
 C    -4.40467857     7.87265056     0.72037164
 F    -0.93345667     5.38053292     0.55509616
 C    -2.53847489     8.58580820     4.70106293
 C    -1.44220220     9.26551356     5.22397897
 H    -0.48258115     9.07980605     4.83695259
 C    -1.59136543    10.26681181     6.21669157
 H    -0.70713692    10.78979400     6.58459474
 C    -2.87064767    10.58054507     6.64792794
 H    -2.99133398    11.34424321     7.35966177
 C    -3.96590694     9.93578806     6.08323088
 H    -4.97840575    10.12267485     6.43534467
 C    -3.83658706     8.96211425     5.08813832
 H    -4.76019712     8.48319189     4.70665209
 H    -0.02292428     3.87585275     2.79554094
 H     0.71935064     4.42490910     5.46768057
 H    -0.67417190     6.76806941     5.95672349
 H    -4.38571435     9.27373510     2.43688036
 H    -3.31802569     6.25865633    -0.44264969
 H    -5.17862201     8.30284491     0.09369569
----
0 1
 N     4.45823721    -6.44612151    -4.87796828
 C     4.29738951    -6.22061176    -3.50147423
 C     5.06838800    -6.88881261    -2.55790601
 B     5.42244098    -7.53454250    -5.49042424
 N     6.20346556    -8.11472612    -4.31588407
 C     6.07252308    -7.73459485    -2.95710696
 C     7.25320317    -8.91182881    -4.41758003
 C     7.72874743    -9.28531156    -3.11105032
 C     7.03069723    -8.53503310    -2.21385594
 C     3.42408781    -5.09704968    -3.37718153
 F     4.63626427    -8.49275561    -6.13567315
 C     3.68262969    -5.55834269    -5.53768506
 C     2.97714886    -4.76762892    -4.61563860
 F     6.36082635    -6.96918934    -6.41125514
 C     4.93345782    -6.49968291    -1.15227375
 C     6.06440840    -6.09125991    -0.46631488
 H     7.02295527    -6.15054921    -0.95384311
 C     5.99690898    -5.74965467     0.91374121
 H     6.89638631    -5.44393609     1.47919697
 C     4.79181499    -5.68456815     1.56227444
 H     4.70070577    -5.33574127     2.55661762
 C     3.61095804    -6.08705663     0.87436076
 H     2.65790525    -6.02981694     1.37278929
 C     3.66234150    -6.50354808    -0.49472410
 H     2.75636875    -6.93996762    -0.86684021
 H     7.55679978    -9.22950712    -5.42258375
 H     8.50191937    -9.99548484    -2.87217673
 H     6.97697953    -8.56243655    -1.16271495
 H     3.31087747    -4.62345070    -2.43361640
 H     3.64735279    -5.73303135    -6.59433411
 H     2.34134893    -3.95498937    -4.87410379
----
0 1
 N    13.57833188   -19.01028370    11.48699887
 C    12.46687715   -19.49555720    12.16917584
 C    11.28571571   -18.74401106    12.36276767
 B    13.64693664   -17.70838769    10.66001288
 N    12.26622957   -16.98797302    10.91456934
 C    11.21214643   -17.49012915    11.72317857
 C    11.87390045   -15.79678540    10.38939696
 C    10.55636607   -15.50611426    10.84010960
 C    10.17637076   -16.53013115    11.70804375
 C    12.75408144   -20.77313341    12.69168290
 F    14.71758434   -16.91983207    11.03811972
 C    14.55130856   -19.94004808    11.60852874
 C    14.08624199   -21.02180234    12.29683484
 F    13.75155044   -18.06833254     9.31964076
 C    10.26538284   -19.20472282    13.29038224
 C     8.90457634   -19.33590622    12.93200604
 H     8.61579960   -19.11919642    11.91474297
 C     7.99892029   -19.76410869    13.91816862
 H     6.96297145   -20.06883325    13.62953580
 C     8.46580972   -20.10190850    15.17142421
 H     7.73530357   -20.41073090    15.90022043
 C     9.79265994   -19.91927213    15.53079297
 H    10.17201548   -20.20395953    16.51765749
 C    10.70344980   -19.45500592    14.61933239
 H    11.78633446   -19.34084884    14.77450830
 H    12.52302024   -15.28464425     9.67719489
 H    10.04000835   -14.58532109    10.71179579
 H     9.19781506   -16.60313540    12.14606348
 H    12.13777977   -21.36613429    13.36065260
 H    15.47206072   -19.81893763    11.11941694
 H    14.61555243   -21.96966920    12.50730806
----
0 1
 N   -16.67958841    -6.85515189     3.94832029
 C   -16.34604684    -6.82187084     2.53625193
 C   -17.31027939    -6.95650044     1.51522181
 B   -18.12380045    -7.12949204     4.46510198
 N   -18.99612708    -7.44844675     3.17448298
 C   -18.61149423    -7.21387579     1.83305931
 C   -20.20515475    -7.92906298     3.16196516
 C   -20.67662404    -8.12527449     1.84003617
 C   -19.68631708    -7.58752667     1.02017538
 C   -14.93148910    -6.66706423     2.44642546
 F   -18.11545293    -8.25751646     5.27118976
 C   -15.55010370    -6.74644229     4.60660779
 C   -14.42967540    -6.60280565     3.73105627
 F   -18.59783004    -6.01544856     5.11188535
 C   -16.94584118    -7.04046860     0.09553499
 C   -17.43667500    -6.13571584    -0.87775754
 H   -18.15400254    -5.41836491    -0.62809669
 C   -17.04863150    -6.21665336    -2.20154516
 H   -17.49232249    -5.36741098    -2.78425927
 C   -16.11698455    -7.17554033    -2.62434669
 H   -15.70158969    -7.24439213    -3.60291415
 C   -15.61486345    -8.05559203    -1.64693548
 H   -14.99619217    -8.84742898    -1.98400397
 C   -15.95968855    -7.97494231    -0.30559192
 H   -15.43945206    -8.55126121     0.45289591
 H   -20.60765487    -8.29655799     4.10645236
 H   -21.61086239    -8.56031327     1.56405425
 H   -19.73739188    -7.58782960    -0.05827681
 H   -14.23672147    -6.65205873     1.57723170
 H   -15.71987765    -6.61588618     5.70205352
 H   -13.40448813    -6.59767951     4.10544238
----
0 1
 N    -0.23956534    17.23900165   -26.48105513
 C    -0.82862072    17.22961174   -25.21378951
 C    -0.71505985    18.28451208   -24.36372272
 B     0.28238447    18.52219889   -27.19979239
 N     0.41731963    19.59126589   -26.09935444
 C    -0.07454087    19.47928566   -24.79582043
 C     0.97299203    20.83658835   -26.23156154
 C     0.83660591    21.56927553   -25.06461356
 C     0.16638645    20.70942760   -24.14783352
 C    -1.59343327    16.00471406   -25.03558643
 F     1.53415516    18.28277672   -27.79909516
 C    -0.60041049    16.07861941   -27.06387619
 C    -1.45141023    15.33208607   -26.22354348
 F    -0.65701438    18.89845250   -28.14500926
 C    -1.24717905    18.25002000   -22.91138334
 C    -2.11876690    19.23985856   -22.47747534
 H    -2.43941207    19.96208623   -23.28618004
 C    -2.65869386    19.12775027   -21.21141289
 H    -3.38977093    19.91049557   -20.97711074
 C    -2.22021739    18.15954516   -20.31918470
 H    -2.55720296    18.04478302   -19.30821606
 C    -1.29911049    17.20420231   -20.76475509
 H    -0.92461624    16.48556579   -20.08472838
 C    -0.84590803    17.19948380   -22.09207641
 H    -0.19138513    16.42363379   -22.53834793
 H     1.42315319    21.09403634   -27.16391209
 H     1.17020300    22.60327103   -24.90688105
 H    -0.05145875    20.94698047   -23.09787030
 H    -2.22720519    15.72417791   -24.18225496
 H    -0.26937416    15.98163437   -28.06345939
 H    -1.75437675    14.33566551   -26.43041633
----
0 1
 N    -7.08249682   -26.59111984     1.50534581
 C    -7.21580378   -27.13036702     0.22320721
 C    -7.53203930   -26.32533610    -0.84921731
 B    -7.46965345   -25.13056595     1.94664921
 N    -7.69480631   -24.35459176     0.57936518
 C    -7.74922917   -24.94003314    -0.68208494
 C    -8.12892015   -23.06577488     0.47444757
 C    -8.47426463   -22.79746971    -0.85778485
 C    -8.26634306   -23.99093051    -1.61273081
 C    -6.88992038   -28.48403116     0.31160719
 F    -8.70750408   -25.20989314     2.72880039
 C    -6.72157446   -27.52263638     2.35997302
 C    -6.60633913   -28.77670521     1.66464301
 F    -6.46797188   -24.68249348     2.77154214
 C    -7.54151407   -26.89400480    -2.21981607
 C    -6.79129743   -26.17703470    -3.19272620
 H    -6.10125388   -25.41255257    -2.75285365
 C    -6.57268849   -26.75022472    -4.45084357
 H    -5.96509443   -26.22715184    -5.11407534
 C    -7.34733943   -27.85437971    -4.87915344
 H    -7.34010712   -28.13732686    -5.91554287
 C    -8.24981811   -28.44539042    -3.94662699
 H    -8.82459194   -29.32579635    -4.20991871
 C    -8.30690553   -27.98512020    -2.61137286
 H    -8.94517161   -28.54993368    -1.92161477
 H    -8.13725647   -22.38970556     1.33821200
 H    -8.94152219   -21.90174252    -1.24584762
 H    -8.51715777   -24.14040566    -2.61941531
 H    -6.84626442   -29.18819155    -0.50940774
 H    -6.53163864   -27.26346557     3.44460468
 H    -6.35102009   -29.76547909     2.10364548
----
0 1
 N    11.92375801    -3.31969370     3.71361359
 C    12.68593460    -2.96127679     4.83798751
 C    13.21889566    -3.89925930     5.71341080
 B    11.86756242    -4.78769857     3.08769374
 N    12.49286605    -5.68508834     4.20970491
 C    13.12613595    -5.25072391     5.40602728
 C    12.56170041    -7.04133925     4.15414821
 C    13.08777205    -7.58969152     5.39411385
 C    13.47818890    -6.42717929     6.11731796
 C    12.73756882    -1.56145853     4.91161510
 F    10.58104048    -5.22755779     2.91471548
 C    11.53618635    -2.17708803     3.14193990
 C    12.07206591    -1.06374822     3.81044440
 F    12.57738395    -4.82316544     1.87091637
 C    13.90223699    -3.50942654     6.95399215
 C    15.20550898    -3.98998441     7.15150408
 H    15.70307343    -4.44885352     6.25163425
 C    15.81561360    -3.81465970     8.42667409
 H    16.84279283    -4.08228663     8.57635714
 C    15.08151075    -3.15857640     9.47541015
 H    15.69518903    -3.02955461    10.45006036
 C    13.77322720    -2.70117345     9.25938257
 H    13.16091666    -2.35495774    10.10843143
 C    13.13041230    -2.91248537     8.02335207
 H    12.05869577    -2.76012910     7.90707607
 H    12.12320819    -7.57121606     3.29510915
 H    13.27142987    -8.62711634     5.56977806
 H    13.83858330    -6.41452936     7.15188785
 H    13.27486950    -1.01707235     5.68570523
 H    11.02718804    -2.28192353     2.23533626
 H    12.00664977    -0.03469719     3.55015952
----
0 1
 N    -0.15934532   -18.15165328    26.60047855
 C    -0.13351182   -17.98275534    25.25453551
 C    -0.03713776   -16.69290359    24.62541086
 B     0.13032398   -17.09170085    27.66200775
 N     0.16393016   -15.73041517    26.81683969
 C     0.10135176   -15.58547492    25.41255350
 C     0.30214408   -14.49551849    27.37000929
 C     0.32447558   -13.52937916    26.33968465
 C     0.13352004   -14.22741816    25.09496478
 C    -0.19351509   -19.28118790    24.64420966
 F    -0.97135520   -16.91604114    28.58784456
 C    -0.23939265   -19.47950829    26.89809888
 C    -0.27811571   -20.19326216    25.68098153
 F     1.29591708   -17.37332983    28.38335563
 C    -0.03950846   -16.62624361    23.17657644
 C     1.10029102   -16.02666455    22.60475801
 H     1.85948095   -15.68262334    23.27050206
 C     1.24835053   -15.95818474    21.25756883
 H     2.19500040   -15.63245740    20.77084897
 C     0.28013875   -16.64383238    20.44301126
 H     0.54387088   -16.73642884    19.35377153
 C    -0.84130036   -17.26596784    20.99536406
 H    -1.55430532   -17.84190004    20.34873542
 C    -1.06108003   -17.13061938    22.35424652
 H    -1.97673374   -17.58791099    22.72665652
 H     0.52118847   -14.22445515    28.45044636
 H     0.44371656   -12.45398491    26.43996479
 H     0.25196823   -13.90579715    24.02573124
 H    -0.16152194   -19.46708011    23.55751634
 H    -0.15456001   -19.83985326    27.94180411
 H    -0.41170644   -21.22699672    25.48760347
----
0 1
 N   -23.95762437    -2.71344118    25.73570078
 C   -24.45366695    -2.83594661    24.38750634
 C   -25.46038697    -2.05476608    23.86579582
 B   -24.48231203    -1.67949065    26.79360714
 N   -25.56302275    -0.83398333    26.05149860
 C   -26.01293566    -1.05931384    24.64800420
 C   -26.25656827     0.20680055    26.51157891
 C   -27.18102817     0.67221772    25.55703351
 C   -27.08619163    -0.08451243    24.43004027
 C   -23.70020829    -3.88850705    23.84510195
 F   -25.08453804    -2.38300577    27.90167339
 C   -22.93387823    -3.57258080    25.90450196
 C   -22.69101989    -4.25888445    24.71036976
 F   -23.54141116    -0.80972539    27.25660902
 C   -25.87804771    -2.26287641    22.43379403
 C   -25.74023900    -1.25001186    21.45511242
 H   -25.22986380    -0.33687991    21.72358187
 C   -26.21648362    -1.53613851    20.20145259
 H   -26.22129133    -0.76836080    19.43376794
 C   -26.79593773    -2.76575889    19.83087975
 H   -27.04722779    -2.97054178    18.78992908
 C   -26.89208352    -3.79699727    20.80702552
 H   -27.34864926    -4.75005814    20.57579233
 C   -26.42704781    -3.52655308    22.10668374
 H   -26.56596659    -4.21328264    22.95700642
 H   -26.15923957     0.61546214    27.47623120
 H   -27.91924979     1.42923876    25.61733144
 H   -27.65340203    -0.04926586    23.49098829
 H   -23.81160257    -4.40060066    22.91543227
 H   -22.30470711    -3.45146530    26.77555093
 H   -21.86896077    -4.87124870    24.55726693
----
0 1
 N    19.12009758    -5.29351841    24.37818570
 C    17.97858515    -5.30044920    25.21477399
 C    17.80861504    -4.19367549    26.03421286
 B    20.34647508    -4.33874787    24.43176226
 N    19.95969839    -3.23420873    25.45047580
 C    18.79301847    -3.26826410    26.22841392
 C    20.77738342    -2.26539043    25.92392524
 C    20.16249820    -1.66657166    27.06379485
 C    18.89355277    -2.25062152    27.23144451
 C    17.16008175    -6.36930671    24.81621104
 F    21.42472521    -5.12211224    24.93800900
 C    18.98666999    -6.36779130    23.54884498
 C    17.80968078    -7.07847664    23.82402546
 F    20.71293100    -3.73065995    23.24140103
 C    16.53285450    -4.11523782    26.73098114
 C    15.74509978    -2.93092127    26.73563620
 H    16.08509399    -2.08415762    26.19867792
 C    14.57529288    -2.88848208    27.51603021
 H    13.89637683    -2.04006342    27.43436716
 C    14.17677100    -3.97804898    28.19257151
 H    13.29396646    -3.90225792    28.85105522
 C    14.96129413    -5.17283872    28.27479345
 H    14.67079289    -6.04500511    28.83468124
 C    16.10222391    -5.19308403    27.48317640
 H    16.74918985    -6.08186850    27.53847813
 H    21.75204202    -2.24229271    25.46812137
 H    20.61069836    -0.91511411    27.65085650
 H    18.23517642    -2.10906909    28.09991779
 H    16.16040461    -6.49636347    25.24919332
 H    19.74813126    -6.51013067    22.81234301
 H    17.41004377    -7.89149803    23.25493552
----
0 1
 N     3.97360346    26.80151393   -11.97987053
 C     2.76006376    26.49471628   -12.60344788
 C     2.68901343    25.51348532   -13.56141564
 B     5.36609570    26.14036822   -12.14106950
 N     5.14719586    25.09004074   -13.30969578
 C     3.85936324    24.75994738   -13.90034287
 C     6.07464244    24.32696651   -13.88250207
 C     5.46732970    23.49380266   -14.88011186
 C     4.10714374    23.74331948   -14.87469174
 C     1.72392695    27.11373491   -11.89387656
 F     6.29396065    27.12582513   -12.42911200
 C     3.68272759    27.51193137   -10.86938762
 C     2.31111373    27.79484300   -10.79404286
 F     5.70749227    25.41001854   -10.98823421
 C     1.37254719    25.28299043   -14.29554007
 C     0.72973914    24.05125057   -14.30689638
 H     1.24843848    23.26102452   -13.74349829
 C    -0.42434747    23.92198599   -15.07151224
 H    -0.93683788    22.98237439   -15.13252276
 C    -0.98011100    25.07097085   -15.65161688
 H    -1.84498468    24.90768049   -16.28589591
 C    -0.37060608    26.30480545   -15.60229128
 H    -0.82174530    27.13023658   -16.11912794
 C     0.81130019    26.41324763   -14.91538963
 H     1.30317917    27.42867203   -14.89074935
 H     7.07492410    24.34054806   -13.51742502
 H     6.06207817    22.72050875   -15.42610851
 H     3.39225396    23.21841943   -15.54223961
 H     0.70554755    27.15753129   -12.17415322
 H     4.53938382    27.85832929   -10.29719880
 H     1.95292111    28.36425235   -10.02014371
----
0 1
 N    23.53556065     4.13832613    -3.00645621
 C    23.87756689     4.46230504    -4.35558079
 C    23.43101396     3.66659618    -5.43188271
 B    22.56822061     2.96664527    -2.56771722
 N    22.28516987     2.14036404    -3.88335823
 C    22.61068540     2.58944134    -5.18393721
 C    21.46582806     1.09798185    -4.06048664
 C    21.26499133     0.80458048    -5.41367178
 C    21.92971754     1.76532451    -6.14880083
 C    24.83786990     5.55241351    -4.29535383
 F    23.24085656     2.20833967    -1.62446740
 C    24.27964689     4.91843091    -2.17301518
 C    25.07483348     5.84042510    -2.94182822
 F    21.34522046     3.39060596    -2.10278378
 C    23.82087794     4.01129865    -6.86149820
 C    22.95804509     4.69484304    -7.72566664
 H    22.02604538     5.06119763    -7.33804790
 C    23.41661432     4.93881201    -9.00480750
 H    22.67204335     5.33999950    -9.68662374
 C    24.67862881     4.60591139    -9.45566190
 H    25.11500830     4.76300359   -10.42005153
 C    25.52833224     3.99699568    -8.55104973
 H    26.53760462     3.69290534    -8.87072024
 C    25.07310541     3.61514311    -7.26584659
 H    25.70495637     3.14007988    -6.49495357
 H    21.19961277     0.52806692    -3.16403540
 H    20.60396824    -0.01806712    -5.73424837
 H    21.95965007     1.89438552    -7.19057265
 H    25.28372035     5.94247670    -5.18818879
 H    24.05943934     4.93294573    -1.12193942
 H    25.85449507     6.49671192    -2.54727928
----
0 1
 N     7.45827224    17.06404419   -10.82631634
 C     8.31606468    15.96911183   -11.10595548
 C     8.20026756    15.23846292   -12.28173153
 B     6.34262725    17.59704871   -11.76773133
 N     6.22491237    16.57540106   -12.93751855
 C     7.13696042    15.53557515   -13.16532243
 C     5.38979375    16.65755741   -14.01377822
 C     5.74391638    15.60764538   -14.91636421
 C     6.86074288    14.90894216   -14.44295193
 C     9.33430360    15.95783707   -10.05419979
 F     5.17243630    17.71580462   -11.05780312
 C     7.88317542    17.61839507    -9.65045819
 C     8.99027712    16.93891466    -9.10512646
 F     6.73432326    18.85063519   -12.31443838
 C     9.16290470    14.11279176   -12.46995513
 C     9.93313391    14.07741075   -13.63241970
 H     9.78987587    14.85079543   -14.42116639
 C    10.75470069    13.01619542   -13.93249620
 H    11.38521383    13.15350621   -14.82866942
 C    10.78797973    11.94316732   -13.03928637
 H    11.40400153    10.98372315   -13.18258237
 C    10.08156774    11.96333070   -11.81800383
 H    10.08676198    11.07727081   -11.15877777
 C     9.33024599    13.13302232   -11.50937789
 H     8.71938287    13.12684003   -10.61729559
 H     4.59787327    17.38622068   -14.05640873
 H     5.23516573    15.35609287   -15.82839873
 H     7.25883339    14.02113167   -14.86617542
 H    10.20081619    15.31120695   -10.05239027
 H     7.40892485    18.55526823    -9.40868778
 H     9.54274476    17.14881142    -8.19223352
----
0 1
 N     6.75235273     1.71536625   -20.56047556
 C     6.41521404     0.45935428   -20.00896465
 C     6.20262007    -0.59604115   -20.88795563
 B     6.97826980     2.12262031   -22.04949704
 N     6.73399065     0.84657904   -22.85681438
 C     6.40935320    -0.42693528   -22.29385253
 C     6.70749597     0.66363099   -24.20384674
 C     6.35911043    -0.66844320   -24.54398981
 C     6.13952655    -1.30954276   -23.36588246
 C     6.37193742     0.55470098   -18.59365612
 F     5.99844488     3.09177024   -22.30262455
 C     6.87511287     2.55113496   -19.52927844
 C     6.67012401     1.88044782   -18.30204955
 F     8.26782888     2.57590752   -22.40291017
 C     5.85212258    -1.91840617   -20.30684472
 C     6.44161960    -3.06255330   -20.76980326
 H     7.16527256    -2.98433338   -21.58499315
 C     5.97786080    -4.33869302   -20.31610098
 H     6.48364359    -5.21225790   -20.71186536
 C     4.96663521    -4.39675305   -19.34038251
 H     4.57092232    -5.34070920   -19.09374735
 C     4.39805832    -3.24522597   -18.83094549
 H     3.57587712    -3.36210226   -18.10757839
 C     4.80407643    -2.02817434   -19.33449320
 H     4.35310575    -1.07974885   -19.02001178
 H     6.94311550     1.52330669   -24.81634893
 H     6.49910347    -1.15571004   -25.50661438
 H     5.88306026    -2.36603703   -23.08544932
 H     6.19553533    -0.24323310   -17.88464078
 H     6.98638151     3.72037205   -19.61231040
 H     6.69633752     2.30844728   -17.32505145
----
0 1
 N     6.47470274    18.59512510   -22.93607087
 C     6.24118752    17.71013070   -24.04794429
 C     6.43611124    16.29937709   -23.90467507
 B     6.87742195    18.15517119   -21.50429007
 N     7.08422182    16.59877903   -21.61882083
 C     6.83376654    15.74573576   -22.69887728
 C     7.54559224    15.86190226   -20.59034180
 C     7.54027833    14.48423183   -20.99372856
 C     7.18507962    14.46340964   -22.31476983
 C     6.07806849    18.52231607   -25.21039264
 F     8.10669827    18.69210300   -21.06866409
 C     6.29903249    19.87471200   -23.41547845
 C     6.04484060    19.86548881   -24.76253731
 F     5.88410440    18.45808159   -20.58495604
 C     6.41218219    15.42844632   -25.10040842
 C     5.58761066    14.26995334   -25.13032197
 H     4.94417523    13.98325441   -24.29509293
 C     5.52484253    13.53412772   -26.28134549
 H     5.01668214    12.56526261   -26.35240697
 C     6.31917463    13.85641030   -27.42644973
 H     6.31534986    13.14817148   -28.21606992
 C     7.19541008    14.95633011   -27.29491128
 H     7.81441999    15.17446982   -28.15166784
 C     7.23575945    15.74354933   -26.16421083
 H     7.89353144    16.56904242   -26.05282394
 H     7.93156491    16.33348070   -19.69136531
 H     7.92439739    13.68168269   -20.39067410
 H     6.99021504    13.58827625   -22.98309380
 H     5.90645994    18.18160439   -26.21297563
 H     6.35609212    20.69341254   -22.76607756
 H     6.05561206    20.72479511   -25.43069019
----
0 1
 N    13.85992865     7.72662720     8.13442735
 C    12.73709811     6.95383765     7.79368986
 C    12.77658011     6.01849475     6.75906000
 B    15.31554061     7.62616327     7.57525877
 N    15.19365150     6.47207943     6.44031214
 C    13.99366677     5.80021247     6.11056864
 C    16.11448402     5.99653739     5.57357589
 C    15.59041745     5.04105651     4.70905969
 C    14.22885413     4.91819903     4.98648044
 C    11.65656033     7.35772982     8.62495490
 F    15.77341281     8.80764165     6.99375319
 C    13.42814954     8.61182719     9.05859940
 C    12.11539273     8.34021008     9.49005055
 F    16.17315208     7.14700833     8.58517825
 C    11.55452188     5.29427252     6.30122303
 C    11.50905533     3.88864090     6.42314021
 H    12.41702929     3.39542638     6.76324981
 C    10.31252653     3.16951045     6.07919209
 H    10.24465134     2.15596237     6.31301844
 C     9.21466922     3.87073627     5.61524157
 H     8.36686122     3.31027101     5.37344220
 C     9.30150317     5.25447008     5.45168437
 H     8.47204877     5.84696954     5.03377058
 C    10.45311279     5.99627792     5.81651171
 H    10.53336680     7.08153094     5.67075209
 H    17.16760694     6.32719956     5.59219545
 H    16.15632415     4.51371674     3.98939704
 H    13.44426486     4.34819147     4.48650109
 H    10.70641660     6.84234487     8.60592342
 H    14.19760018     9.34269659     9.38696344
 H    11.59400649     8.77659929    10.32817882
----
0 1
 N    15.86151486   -13.74425281   -10.14894915
 C    16.00872361   -13.38688211   -11.48703263
 C    15.26981075   -12.40035484   -12.09055935
 B    14.69819600   -13.33509540    -9.18469009
 N    13.99197526   -12.06453778    -9.94548606
 C    14.23662796   -11.75789922   -11.30555617
 C    13.01589016   -11.28019929    -9.48419627
 C    12.61351341   -10.37986052   -10.52685919
 C    13.39762782   -10.65816602   -11.63268106
 C    17.15186136   -14.10560751   -11.99445937
 F    13.72707290   -14.29450010    -8.91822277
 C    16.90226782   -14.56794104    -9.82793113
 C    17.67436876   -14.85742551   -10.92290888
 F    15.29109744   -12.88858052    -8.01740611
 C    15.43681951   -11.97073029   -13.46712467
 C    15.91678435   -10.66139547   -13.72992799
 H    16.02834783    -9.95647814   -12.85418642
 C    16.27753358   -10.28534466   -15.02680417
 H    16.65027905    -9.28395244   -15.22462320
 C    16.15759798   -11.24142364   -16.07795954
 H    16.27513214   -10.82476486   -17.11267065
 C    15.71100474   -12.53165106   -15.82619157
 H    15.63382227   -13.29188485   -16.58129373
 C    15.34203691   -12.85264605   -14.49217085
 H    14.93368224   -13.82596983   -14.31048724
 H    12.56352090   -11.35332034    -8.49336001
 H    11.93885708    -9.55405579   -10.36523665
 H    13.26589203   -10.24410413   -12.61175828
 H    17.48513998   -13.98793559   -13.00958355
 H    17.01537074   -14.88390291    -8.82161854
 H    18.62692141   -15.36909737   -10.96778499
----
0 1
 N   -11.61933516    -1.72749435    19.41171460
 C   -10.46728572    -0.88893413    19.56169537
 C    -9.43956868    -1.28440721    20.38322294
 B   -11.78707915    -3.23028713    19.86350208
 N   -10.42427356    -3.52837767    20.56449966
 C    -9.41372654    -2.60411463    20.90652857
 C   -10.07573431    -4.67075116    21.20651659
 C    -8.81576018    -4.54981466    21.84446078
 C    -8.44621611    -3.23326255    21.71701017
 C   -10.64085130     0.29694842    18.80501639
 F   -12.82720181    -3.35111048    20.81046499
 C   -12.41827871    -1.11909630    18.48784173
 C   -11.83838706     0.12634453    18.07408216
 F   -12.06895081    -4.05433964    18.74199729
 C    -8.22709277    -0.42777430    20.56624594
 C    -7.07434988    -0.97635574    19.98704205
 H    -7.18008744    -1.90898998    19.39173539
 C    -5.84782504    -0.33577021    20.15501389
 H    -4.94315549    -0.88654466    19.89741786
 C    -5.75646089     0.90248697    20.88541748
 H    -4.74154094     1.31767837    20.99559215
 C    -6.93705550     1.43833590    21.37064566
 H    -6.93170755     2.38897943    21.91575101
 C    -8.17855341     0.78719926    21.25378869
 H    -9.12237876     1.18215512    21.70842086
 H   -10.68642659    -5.54379378    21.08206469
 H    -8.31190135    -5.24376708    22.52506146
 H    -7.48812199    -2.83448099    21.92779588
 H    -9.88212365     1.05296836    18.76463719
 H   -13.33620415    -1.52944016    18.11826501
 H   -12.29174094     0.70972321    17.29225794
$end

$rem
method               pbe0
basis                3-21g
thresh               14
sym_ignore           1
cis_n_roots          40
rpa                  1
cis_triplets         0
mem_total            30000
$end

$polariton
cavity_mode  0.005 0.0 0.0
cavity_freq  0.130
cavity_model jc
rpa          1
solver_algorithm    davidson_qr
solver_conv_prop    energy
solver_conv_thresh  10
nstates             61
target_states       any
level_shift         0.01
resonance_state     1
$end
